130 260
58 84
19 51
65 70
52 129
50 56
33 128
2 65
12 121
18 79
34 74
27 127
79 127
49 96
1 48
44 97
70 120
69 112
38 129
29 41
13 88
39 67
44 128
62 101
80 93
3 45
41 104
11 43
5 7
25 78
50 95
47 54
95 119
43 96
27 104
61 109
22 38
63 127
12 111
1 86
115 121
89 122
84 90
115 123
3 51
32 103
27 102
14 18
6 46
28 120
18 42
26 120
99 114
8 123
29 99
1 3
14 29
15 82
8 46
32 61
82 99
68 99
91 96
33 41
8 41
111 113
51 130
36 54
96 101
35 105
14 53
88 121
55 115
69 107
59 84
12 117
50 122
44 87
47 69
10 22
9 27
35 50
93 119
80 119
26 92
96 127
26 54
26 82
78 94
55 122
99 113
113 115
15 49
72 130
7 76
35 66
19 65
72 85
77 116
7 50
19 120
45 105
2 100
48 110
11 110
41 80
11 23
2 6
3 50
79 106
8 72
19 52
76 90
39 58
20 99
87 130
25 43
83 124
66 79
83 92
58 118
22 76
73 83
72 76
10 125
4 60
32 111
13 85
36 59
61 116
25 58
48 51
22 67
16 106
4 83
38 123
69 86
16 96
97 128
87 110
62 71
66 117
37 80
94 98
17 107
7 100
59 103
4 119
3 88
50 63
23 118
67 84
5 69
52 91
28 81
121 124
25 29
23 110
4 109
25 123
26 38
12 91
72 87
97 121
3 30
66 85
56 97
45 69
75 126
76 126
22 59
66 81
53 100
81 95
4 52
49 85
48 120
64 67
87 127
81 126
81 114
20 72
42 117
45 55
22 35
38 66
7 120
12 89
3 119
61 72
37 130
49 56
4 7
35 117
57 95
8 68
72 129
19 60
9 13
62 86
13 54
59 72
73 95
57 110
34 101
30 80
61 125
27 34
4 38
8 81
98 123
19 34
11 62
62 73
24 114
1 105
69 128
81 83
106 130
92 106
50 123
75 116
32 117
60 103
7 103
66 89
37 95
74 104
60 128
51 69
78 86
46 69
40 53
23 97
38 71
102 119
39 85
80 105
49 101
62 93
7 29
25 79
49 99
18 69
99 121
22 129
14 39
48 74
19 67
46 86
51 58
8 13
41 78
2 72
22 95
97 105
61 91
47 53
24 77
2 123
31 33
