170 14196
64 155
29 33
35 149
35 118
33 48
63 67
39 92
47 52
25 158
106 159
13 139
99 114
77 92
103 120
29 34
2 113
72 95
34 151
51 160
54 101
4 125
40 107
37 124
63 81
44 119
36 88
26 137
133 146
57 77
4 150
48 125
107 161
107 153
55 106
50 155
6 28
94 136
8 95
66 107
87 162
23 90
34 76
38 148
46 63
68 159
41 121
114 160
3 122
51 76
116 163
17 35
44 166
17 108
3 124
36 152
101 168
96 109
96 130
85 124
37 152
4 167
5 25
112 138
9 74
9 148
54 83
57 122
139 150
34 123
158 163
51 124
34 168
15 114
106 117
115 122
11 115
151 157
4 142
25 133
44 151
137 166
12 44
26 66
137 146
88 145
66 156
21 64
59 138
52 81
83 168
45 124
70 107
14 32
31 164
42 136
52 160
39 71
8 29
63 135
80 83
47 114
110 116
117 122
24 138
11 15
40 54
90 96
11 69
68 140
6 35
107 128
100 148
18 30
8 69
51 85
46 49
131 136
93 105
10 109
68 122
116 138
119 142
17 144
106 162
41 84
38 153
27 64
10 155
60 139
39 73
16 60
137 147
128 140
83 97
43 164
2 20
100 117
129 154
72 167
47 99
129 165
5 21
37 167
84 139
1 24
94 151
37 61
76 114
85 91
109 128
10 81
99 102
42 49
9 11
27 30
16 67
2 106
4 83
35 121
38 157
81 168
119 133
35 164
94 169
28 87
1 101
129 142
7 89
8 48
38 97
102 154
2 153
51 109
120 128
32 71
59 156
33 168
7 19
79 164
143 168
76 92
103 154
21 106
57 64
103 112
40 77
43 55
87 166
45 138
37 73
20 153
93 151
19 112
46 53
41 113
54 61
27 72
58 133
90 111
77 126
11 98
125 166
24 146
119 123
16 44
143 158
84 146
55 89
31 131
18 20
1 114
5 146
82 110
59 154
13 89
36 39
2 75
31 78
70 105
9 163
65 113
73 80
22 85
45 140
38 102
128 148
6 91
26 160
33 166
53 95
64 127
5 132
120 170
23 110
79 137
80 136
76 98
114 135
45 61
13 69
9 60
90 92
108 127
40 166
4 9
30 60
161 166
75 91
19 40
35 122
65 106
29 153
113 160
29 130
33 163
79 149
1 145
144 153
93 112
47 76
73 133
46 155
14 104
100 136
123 144
43 58
81 166
20 66
66 86
74 97
28 120
23 35
90 133
27 76
11 138
134 163
84 141
14 150
9 132
67 128
66 134
60 111
10 107
137 157
22 58
74 123
27 123
43 65
20 89
31 134
46 107
40 126
74 133
105 140
9 45
66 80
102 120
25 110
13 73
42 115
75 131
51 125
75 146
28 35
65 112
30 114
60 116
10 69
52 134
75 137
34 83
33 51
120 132
34 44
20 67
63 132
26 148
86 104
5 60
12 59
18 85
39 53
52 147
118 143
6 94
85 130
23 102
20 91
71 155
142 156
123 166
67 92
54 150
84 133
52 107
40 160
31 105
32 145
40 155
121 127
35 83
54 74
28 139
33 160
64 132
93 164
82 164
38 147
26 33
39 118
50 162
15 143
7 106
14 126
159 170
21 160
30 50
24 98
59 137
23 104
1 7
37 150
77 150
24 27
24 26
142 164
21 152
86 170
51 110
49 83
65 139
107 109
70 125
26 165
58 102
19 78
115 170
66 111
28 101
17 66
85 139
71 74
63 70
3 123
93 146
17 130
63 75
118 133
17 113
119 152
66 144
6 55
29 137
6 147
78 140
59 168
12 84
28 53
14 44
67 129
58 170
61 91
7 124
97 105
112 125
74 95
48 115
45 143
3 57
58 148
52 132
63 160
123 133
64 96
73 113
156 169
38 88
63 123
20 100
54 95
46 160
38 123
30 138
40 108
35 111
15 49
40 154
19 25
60 97
68 170
64 118
41 115
18 108
45 79
30 167
35 110
27 168
68 111
40 44
8 45
24 159
12 149
15 165
53 58
85 118
43 93
76 151
5 16
12 68
91 148
130 165
15 66
64 75
90 124
39 106
22 108
29 131
129 167
49 116
112 123
98 146
37 91
3 133
24 115
6 159
34 148
30 133
31 60
100 164
24 114
24 51
45 69
88 146
27 81
47 103
13 25
31 128
29 145
91 129
27 35
45 152
6 165
39 134
76 167
40 81
98 135
2 87
93 95
135 153
89 115
6 79
91 153
11 66
38 109
44 112
40 122
35 64
148 151
49 71
11 76
29 128
91 137
81 130
54 96
7 132
35 47
5 97
24 37
110 157
85 123
63 159
88 99
66 129
118 125
22 127
62 141
7 51
34 107
152 154
41 79
101 105
30 57
42 92
61 76
59 112
8 56
6 127
2 48
29 42
32 96
19 52
23 121
115 143
45 102
119 130
48 96
36 106
46 114
6 22
86 108
98 104
49 147
46 61
89 109
11 70
7 163
68 73
50 170
74 98
79 128
36 94
55 117
147 149
28 140
92 106
19 44
81 157
108 158
16 126
69 119
59 67
104 162
49 109
57 89
28 89
70 150
66 89
22 133
93 130
11 169
5 28
44 106
62 66
22 162
39 169
153 155
97 113
86 90
25 114
2 134
12 26
10 153
51 142
31 139
91 94
46 116
98 113
80 169
99 146
139 161
25 117
111 136
17 41
167 170
83 143
79 154
110 152
14 93
16 51
25 112
11 32
91 131
128 130
63 98
94 145
35 63
19 70
124 155
99 144
65 109
89 104
103 115
51 54
17 114
26 76
38 136
42 80
37 132
48 52
41 151
69 103
109 142
56 166
10 47
14 35
32 105
92 137
49 162
112 118
155 167
42 57
62 125
45 153
53 161
61 128
124 141
9 114
51 59
24 64
79 100
42 85
80 158
62 103
36 95
50 89
57 126
36 89
56 129
27 96
51 147
30 53
74 138
11 61
57 100
87 109
12 79
119 126
19 156
100 127
47 122
36 131
7 143
93 147
9 83
66 98
1 20
65 72
16 20
120 151
54 103
25 128
71 123
75 159
42 75
13 26
79 116
101 152
40 136
38 69
101 149
126 157
11 77
131 138
2 61
96 133
5 145
112 127
23 120
88 109
3 21
150 170
47 65
95 126
124 154
45 167
31 40
92 112
135 162
94 103
35 52
45 57
3 81
15 144
12 32
28 94
114 140
57 127
63 85
10 147
157 168
1 9
72 164
32 164
71 98
6 13
1 157
54 75
60 103
29 118
91 141
32 84
28 37
10 160
35 99
3 91
123 136
14 121
13 92
43 79
35 140
74 170
2 123
18 122
70 142
17 126
28 91
60 99
40 92
46 99
18 64
122 143
86 118
116 136
66 153
135 166
34 164
103 107
98 134
19 66
14 113
13 15
91 130
118 138
117 129
52 109
99 106
13 90
146 157
69 95
66 154
31 33
74 86
85 144
50 55
69 91
56 94
22 110
56 77
28 126
69 79
55 146
72 92
82 90
116 169
12 83
36 122
86 95
80 165
54 163
96 142
4 81
35 142
67 113
82 87
43 90
139 154
122 139
98 138
105 165
33 70
34 99
33 116
101 115
89 110
18 164
2 157
104 115
90 137
7 154
155 162
60 163
111 144
77 116
23 83
13 38
83 120
26 169
81 97
23 93
31 129
45 48
45 137
51 68
4 165
73 88
100 118
29 73
130 155
8 12
65 101
6 149
78 142
107 169
71 95
5 33
77 164
24 46
20 162
101 166
96 117
91 108
45 112
135 163
28 151
56 68
16 41
117 125
92 109
43 154
91 164
123 138
8 57
27 150
91 169
13 78
118 157
30 72
101 162
60 153
37 139
38 146
37 109
50 128
24 41
22 138
55 137
6 38
43 119
30 129
16 114
54 100
54 86
46 101
153 162
99 112
22 161
60 157
60 166
82 114
109 165
112 146
124 163
134 156
1 107
1 52
27 139
93 127
47 66
37 43
128 144
26 110
66 147
9 107
134 150
38 66
7 45
139 168
52 129
16 77
17 59
35 57
132 170
53 75
57 80
32 86
60 137
7 41
109 160
51 53
94 159
1 49
62 92
12 125
2 111
18 116
63 65
93 136
5 167
74 155
144 156
39 147
7 149
102 114
98 162
35 39
12 143
127 170
42 79
17 45
4 111
26 44
95 145
6 41
11 31
72 94
111 126
65 94
45 108
112 166
71 166
10 170
12 91
68 160
47 139
17 31
70 133
99 163
33 49
43 116
57 82
42 62
48 99
58 124
51 118
30 120
116 155
69 140
111 167
64 168
78 92
74 104
18 118
1 59
41 143
126 161
129 149
88 160
102 169
46 150
46 103
101 155
77 167
19 142
150 155
44 93
48 167
22 139
4 47
8 61
129 141
4 16
112 117
76 86
80 163
55 145
99 130
2 97
20 111
55 151
122 136
63 138
42 137
83 160
27 120
5 91
60 135
3 102
114 127
112 157
117 161
8 26
102 157
51 121
19 27
44 140
43 127
136 152
70 129
34 140
3 112
109 122
105 107
36 144
93 148
36 70
79 151
4 123
142 150
107 111
40 73
79 108
3 23
39 114
15 136
11 59
88 104
47 104
53 169
2 83
23 114
6 144
32 111
32 50
46 124
109 120
11 57
25 90
12 116
105 144
29 70
26 127
10 161
76 146
84 98
46 48
20 71
110 170
61 155
43 137
87 169
2 90
24 164
15 85
22 149
19 45
57 71
88 107
99 115
6 166
11 117
13 44
57 62
146 151
75 147
4 29
7 148
109 125
16 157
66 74
141 143
48 141
65 81
1 78
3 28
98 111
82 146
131 164
93 133
66 75
99 143
2 17
46 118
65 86
7 74
58 94
71 76
64 79
121 146
20 64
102 132
53 73
40 71
55 159
61 82
133 142
118 141
34 110
72 136
76 142
105 147
23 92
31 52
16 22
49 62
45 100
69 86
33 106
103 159
117 124
11 167
119 153
11 102
114 155
96 145
106 145
67 84
121 162
51 155
114 169
74 99
73 170
94 147
85 162
63 155
25 44
18 86
19 158
11 53
3 41
15 74
19 164
13 56
73 161
109 166
8 39
15 111
55 72
8 119
14 115
124 157
41 164
121 158
67 100
55 59
93 126
43 83
67 169
20 38
9 87
90 116
3 48
59 161
50 92
34 80
32 150
76 123
16 47
133 135
131 169
48 79
132 169
70 82
99 127
12 88
110 125
50 106
27 65
15 53
70 145
83 107
128 145
96 110
91 101
128 167
103 110
22 159
5 58
41 122
32 56
41 128
113 128
8 73
23 165
61 74
14 94
85 164
50 133
40 96
33 85
44 159
39 47
88 159
56 89
50 114
49 161
5 129
21 129
104 137
137 165
49 76
114 167
110 161
67 88
37 129
64 163
8 18
20 150
74 166
82 144
68 149
53 90
15 158
161 167
21 44
32 46
9 149
3 12
82 122
47 74
133 169
29 169
46 82
27 56
23 62
71 141
86 121
20 54
107 167
112 149
13 42
89 106
101 114
28 70
4 130
10 75
1 50
7 65
20 140
83 148
115 127
32 102
74 89
69 72
24 80
106 124
38 138
23 75
87 125
112 114
10 94
6 52
27 53
60 69
51 143
2 6
131 162
44 134
4 61
97 157
86 94
43 109
30 142
80 143
55 108
25 38
116 127
42 59
71 159
142 151
36 123
7 46
24 60
6 21
19 148
54 170
93 166
29 111
110 136
113 148
69 127
1 108
22 45
60 160
63 146
14 21
86 109
122 131
19 72
139 156
85 167
125 149
90 99
18 135
87 122
28 166
20 147
49 155
88 150
151 154
34 109
43 123
18 48
61 71
55 75
19 143
52 78
13 132
45 97
75 144
106 119
60 151
84 114
69 126
68 70
100 110
20 42
21 33
139 162
11 55
43 169
75 84
57 68
71 156
92 157
35 91
83 155
4 53
49 157
73 114
97 130
41 146
65 108
32 36
81 138
19 34
3 82
44 117
17 154
21 68
52 113
60 101
13 154
75 168
79 115
47 141
91 109
28 149
132 157
56 69
88 108
99 162
63 76
36 143
38 74
31 73
58 145
83 103
37 103
8 27
65 95
10 106
25 85
34 122
147 156
65 162
105 127
46 139
19 133
90 109
82 115
149 158
7 12
100 122
157 162
88 91
9 140
148 152
40 50
3 90
49 98
58 90
77 96
137 155
58 101
26 147
100 111
81 112
105 164
21 167
69 136
97 109
42 154
14 151
3 71
2 82
34 155
12 137
48 136
117 139
14 68
92 117
34 154
75 115
79 155
2 169
44 124
101 141
159 167
81 122
117 121
88 165
1 99
50 142
56 133
45 129
54 99
43 86
50 123
62 91
5 116
113 159
88 118
129 134
52 102
116 147
1 142
55 67
57 167
96 168
94 135
44 50
136 154
39 138
31 34
6 88
59 83
92 96
40 134
79 97
82 169
79 130
38 83
31 66
9 44
14 139
94 161
57 66
94 114
80 141
52 66
42 89
73 144
52 96
26 135
23 158
110 123
105 149
7 69
85 106
9 51
49 123
34 66
105 150
80 132
62 119
47 92
13 19
62 96
134 154
78 156
48 102
50 94
69 150
114 145
33 129
92 94
65 129
8 33
30 160
49 60
73 87
73 135
27 156
12 50
85 107
16 54
88 126
58 118
79 106
17 60
60 88
135 155
1 128
57 81
54 159
83 159
59 128
42 60
74 130
127 150
80 82
86 131
61 103
8 42
59 72
74 96
52 70
150 152
58 95
18 29
100 158
16 30
49 75
20 35
90 170
38 77
80 107
20 45
19 55
11 63
21 89
37 141
88 130
92 164
58 116
43 106
60 133
137 150
77 134
147 167
98 144
59 142
53 129
109 113
111 125
91 133
98 142
89 157
77 103
18 165
20 113
26 36
147 152
13 18
3 88
159 169
5 163
120 125
34 41
89 137
93 162
1 11
57 161
72 108
12 168
117 154
106 166
38 158
23 69
3 68
121 160
109 116
58 132
89 119
107 131
106 167
8 46
111 165
14 120
136 153
56 70
30 135
17 104
7 90
3 109
125 151
52 153
58 109
62 131
67 127
13 28
42 105
100 166
140 163
53 124
56 87
14 105
84 155
128 159
67 150
15 25
12 86
99 111
110 165
35 153
24 76
1 170
16 34
113 156
65 118
5 7
100 141
124 140
5 32
68 135
31 55
47 106
127 155
137 139
3 117
19 154
156 163
12 27
22 56
103 134
121 151
9 101
7 63
33 122
31 70
112 130
109 153
18 111
22 168
9 105
73 83
15 88
16 53
8 21
48 64
103 128
74 128
72 149
25 27
135 170
12 71
80 98
12 169
76 107
56 163
47 170
8 144
37 105
109 133
67 162
61 63
15 142
149 157
51 159
105 148
42 70
33 37
15 121
46 102
88 113
49 84
22 129
68 154
24 130
20 158
75 126
8 163
100 126
64 89
156 164
62 78
146 154
20 31
41 133
38 94
53 111
76 154
62 148
10 78
15 54
79 101
65 145
50 153
17 98
76 88
27 109
128 146
82 102
42 122
85 146
48 139
22 153
137 162
7 161
139 163
81 94
55 163
19 118
24 157
17 161
1 93
134 155
80 147
125 169
47 95
82 111
36 98
27 162
54 92
95 127
30 39
39 81
68 112
131 134
86 135
85 116
99 155
34 50
4 35
59 100
91 121
76 110
25 165
47 88
55 114
1 28
56 97
2 122
153 165
84 137
80 88
2 12
90 114
81 143
13 75
140 144
69 101
67 96
9 90
35 168
38 99
52 167
85 143
86 115
61 142
28 46
38 78
50 140
18 46
118 131
30 38
91 161
35 82
20 133
24 62
26 161
61 166
108 130
77 160
27 94
74 167
11 134
131 149
26 103
92 148
56 58
1 130
17 22
83 145
29 142
60 91
112 120
8 36
48 134
18 129
45 104
141 160
3 76
53 115
84 142
47 61
91 135
80 97
101 161
116 121
48 67
46 54
73 92
76 95
3 161
72 153
20 108
123 157
63 115
4 152
122 132
23 48
36 154
10 101
14 163
88 110
35 88
26 73
13 55
118 163
93 169
19 39
78 150
77 106
5 151
24 122
5 43
92 105
28 121
110 153
149 170
93 99
69 161
44 91
133 165
14 59
88 157
119 121
91 150
46 112
52 74
152 163
48 80
76 170
2 154
86 134
63 121
22 71
36 99
15 84
111 115
94 165
12 43
67 170
23 129
6 67
90 147
14 42
39 93
26 143
147 160
84 159
11 91
87 147
46 68
123 146
102 111
44 54
58 76
57 93
86 110
8 93
47 160
22 28
8 79
36 44
74 110
11 93
54 77
102 148
10 43
121 130
48 98
85 114
91 168
8 102
6 63
28 134
27 58
98 151
131 152
60 140
53 102
62 107
69 106
20 138
119 147
27 43
77 154
70 137
22 123
121 123
56 115
20 87
11 20
63 125
86 139
101 156
7 71
95 110
98 122
20 154
39 42
10 42
23 137
79 91
13 36
116 139
64 80
67 145
120 141
116 119
1 48
77 87
2 137
112 167
5 69
31 46
37 104
16 121
25 108
71 94
75 112
48 133
85 168
33 75
36 65
42 51
3 134
59 80
31 162
94 142
21 61
27 41
11 109
46 161
29 36
50 122
23 167
91 111
116 130
75 83
58 134
5 104
121 136
158 160
18 84
72 142
77 88
64 136
3 47
48 149
38 160
136 143
108 145
72 162
97 125
5 9
7 127
34 45
127 163
112 131
52 138
41 135
118 158
87 132
81 84
24 33
26 49
22 131
32 166
79 120
65 102
1 43
79 88
51 166
18 132
27 160
82 130
85 92
22 130
11 22
95 169
112 154
49 72
68 85
52 124
113 165
52 116
26 91
45 118
104 134
116 128
95 137
110 122
99 157
88 134
28 97
4 72
55 86
16 55
139 167
128 166
37 168
49 51
101 124
35 44
93 170
106 116
41 85
28 34
19 157
88 111
7 102
61 68
2 42
136 144
12 69
101 158
38 98
56 154
16 48
84 118
69 77
109 129
58 80
95 98
75 154
22 97
10 56
85 136
15 27
81 164
67 75
144 157
19 145
69 115
3 132
19 159
7 33
106 131
125 156
65 121
70 117
91 156
116 141
35 94
47 72
86 165
8 122
8 121
19 101
25 48
30 75
89 105
11 41
96 108
48 128
74 101
122 144
1 111
10 123
71 135
11 25
32 112
9 139
20 80
7 167
34 145
10 51
33 76
10 34
14 78
69 108
26 85
48 170
2 26
101 129
27 66
4 40
30 151
26 104
8 153
53 136
18 145
7 169
66 157
97 116
14 136
56 101
74 119
21 74
33 165
99 121
54 119
26 167
54 113
62 113
44 97
6 68
10 98
21 155
115 161
37 75
43 135
111 142
88 125
2 86
69 96
116 125
90 167
46 69
7 121
78 116
2 15
23 56
87 117
122 154
100 167
117 150
51 135
103 146
148 156
67 117
35 95
107 118
54 71
134 144
129 157
26 31
80 145
36 54
51 99
107 152
71 138
34 72
54 108
113 164
58 88
106 141
81 152
75 156
4 14
48 91
51 120
40 125
26 90
20 103
58 100
119 137
21 83
30 166
21 53
12 123
18 83
112 133
11 33
19 130
125 139
33 157
14 54
6 108
116 124
20 145
41 107
126 162
94 97
134 165
34 97
42 82
151 164
98 153
115 132
141 146
88 133
156 160
9 38
87 133
21 57
89 94
69 158
103 117
105 136
94 113
107 120
33 142
70 163
113 169
13 124
40 89
139 170
23 30
72 163
30 143
100 109
121 154
13 17
58 151
33 40
95 138
88 117
34 149
69 135
32 103
5 88
33 98
83 115
4 58
41 63
13 39
24 44
8 118
41 69
65 117
17 42
94 112
132 145
27 39
40 165
10 105
36 110
48 113
122 167
155 169
105 132
42 109
35 130
27 161
61 143
123 164
40 48
39 149
82 106
11 73
61 84
14 125
5 64
25 92
16 123
108 143
148 168
29 157
112 169
103 122
104 117
2 91
32 162
48 58
110 150
87 141
26 28
60 138
14 162
19 89
52 91
9 104
33 146
80 84
28 62
93 142
15 78
78 111
42 55
19 146
30 169
112 135
82 162
115 151
21 109
4 126
56 113
3 99
9 17
86 144
35 136
19 43
38 114
45 148
38 141
47 68
25 157
101 134
94 146
15 110
108 132
33 87
47 145
59 148
66 87
97 166
21 118
35 73
123 168
5 86
31 114
110 135
41 160
111 122
89 159
25 86
31 49
90 132
26 145
14 153
7 27
54 106
128 161
54 111
92 128
68 141
38 149
56 162
14 84
59 111
13 116
54 91
10 54
77 132
45 50
30 44
7 35
30 65
48 159
31 165
96 169
44 157
32 167
107 134
6 32
33 97
39 94
12 22
94 137
103 125
95 116
92 126
130 161
58 82
25 56
62 71
47 167
58 91
74 153
34 71
110 115
119 125
57 140
29 110
35 159
16 32
71 99
29 109
85 121
17 109
27 151
21 117
65 91
24 28
31 92
49 94
21 86
77 144
34 169
23 116
25 95
21 39
88 121
52 117
125 144
43 80
8 35
84 126
68 87
126 139
53 82
50 81
57 113
73 76
45 73
31 94
11 35
54 125
38 135
2 73
30 101
59 146
16 149
34 39
13 64
102 110
143 151
116 164
104 144
14 98
20 143
30 136
68 101
28 88
4 118
40 46
90 169
9 63
23 52
66 132
1 83
127 160
58 166
40 123
15 109
99 125
29 123
55 155
43 73
5 153
5 10
7 123
91 143
140 145
132 134
115 146
28 108
7 165
70 96
80 166
66 83
1 56
45 122
16 45
36 80
42 67
45 141
88 164
31 161
60 79
54 160
77 86
94 108
34 116
24 155
104 140
73 162
117 127
110 128
69 81
7 137
54 155
126 149
36 52
39 120
102 136
33 151
78 144
62 110
149 155
4 8
67 72
3 11
35 156
18 60
39 98
89 141
45 76
74 129
24 36
11 155
15 128
47 102
90 161
16 139
9 127
17 140
6 89
106 153
35 85
64 71
151 155
3 169
78 165
86 152
10 21
17 170
20 93
126 140
94 138
81 90
14 132
9 29
7 68
6 139
138 161
38 70
70 158
96 138
136 140
39 45
114 130
136 161
152 162
15 170
42 116
17 75
38 41
33 155
7 135
18 105
5 71
80 95
84 160
10 102
28 98
19 48
92 116
13 128
71 154
48 143
93 98
117 149
16 103
23 108
129 170
14 58
11 144
28 107
124 168
47 150
12 93
157 166
71 164
16 151
87 129
87 115
32 59
29 57
19 131
89 121
53 81
44 65
22 109
65 147
31 91
103 106
100 128
114 117
9 47
152 158
13 99
44 79
59 82
52 120
34 102
4 143
39 142
107 149
63 158
116 162
37 87
62 93
55 167
16 69
29 162
56 65
66 94
71 92
126 153
24 84
29 83
67 161
99 166
89 120
66 128
43 148
130 164
100 134
137 152
81 154
35 97
63 71
34 120
55 82
55 154
114 151
1 98
25 87
94 144
85 105
33 112
38 144
19 163
145 163
33 130
142 162
6 15
9 93
60 73
88 169
58 83
54 165
72 105
161 169
94 155
13 121
25 42
80 140
85 147
15 76
63 170
51 154
103 152
32 51
13 70
124 158
84 105
12 145
90 127
99 126
82 127
38 125
90 115
121 140
121 132
113 140
49 151
90 168
125 164
82 112
118 135
22 169
53 70
48 103
33 117
108 110
28 74
93 111
111 114
114 164
108 148
37 162
67 73
118 167
18 94
13 138
146 150
119 140
57 97
57 92
20 94
77 127
62 143
98 129
102 106
39 148
68 84
49 96
29 89
38 133
35 53
50 91
69 78
36 161
115 165
148 167
69 94
13 77
111 130
47 163
5 158
157 167
60 170
90 126
42 151
6 48
18 26
106 157
105 139
78 129
10 151
80 139
92 119
35 146
22 128
35 40
23 106
126 137
29 84
75 151
11 49
69 167
53 89
3 37
15 147
85 97
69 129
35 133
63 129
53 140
62 169
147 155
6 106
56 111
50 71
35 81
31 130
16 155
56 136
34 70
139 158
120 136
63 152
97 104
12 102
41 145
7 91
5 135
17 115
143 146
21 156
28 133
85 138
81 104
4 12
17 54
120 169
63 83
8 78
26 118
11 50
76 90
57 69
18 45
84 152
48 88
30 145
114 144
6 12
90 140
8 156
97 140
131 146
77 119
40 51
25 167
53 74
1 136
28 48
32 91
38 156
48 118
138 146
79 160
151 168
95 121
6 136
5 113
50 72
34 79
16 144
55 140
26 57
57 152
35 80
32 97
126 142
47 147
39 166
72 110
122 165
10 97
130 144
40 141
4 106
6 24
80 144
74 164
123 128
102 115
65 128
131 133
87 136
39 41
157 161
127 134
61 134
60 141
107 126
32 129
21 107
30 125
25 159
43 64
8 146
120 134
96 106
49 166
34 111
155 163
1 113
55 142
40 121
68 88
49 121
56 135
87 91
13 143
48 119
40 169
45 63
26 82
2 9
112 124
139 141
105 166
93 158
73 128
13 145
98 120
2 93
41 120
30 82
19 67
74 84
135 168
1 146
104 126
6 86
129 139
70 85
22 48
17 135
78 157
73 145
67 107
23 155
32 154
96 137
102 128
3 65
47 58
18 73
31 85
9 33
8 41
110 156
119 148
25 34
7 94
30 54
144 162
35 74
7 120
12 163
79 169
4 64
2 19
44 167
7 38
62 124
38 73
41 56
15 167
35 43
34 43
39 128
113 149
51 151
61 117
85 154
4 71
27 57
79 161
107 147
98 126
1 12
74 111
53 128
76 102
45 150
41 72
81 127
121 155
5 18
152 167
82 104
82 143
15 91
106 169
5 20
27 63
3 45
67 93
2 125
35 62
25 103
39 125
15 41
40 69
20 159
14 138
9 94
18 27
66 118
133 160
52 101
50 110
63 79
46 144
56 131
54 112
30 121
16 86
124 153
15 164
50 159
13 122
28 159
8 31
15 149
24 86
14 64
15 99
64 161
89 140
22 63
84 168
50 97
22 117
58 65
155 157
7 60
70 134
13 106
117 134
87 123
18 52
59 93
89 152
78 83
108 122
51 75
24 97
120 143
8 20
110 114
1 158
120 154
23 103
112 116
127 159
22 51
86 141
4 97
11 86
43 75
41 76
75 87
3 63
72 125
73 150
54 153
13 35
96 167
14 48
7 160
29 133
27 167
69 131
143 153
52 111
107 112
66 126
8 154
22 114
7 125
41 74
31 39
42 121
71 120
100 142
10 118
50 54
66 123
117 132
4 155
41 80
24 83
22 112
138 169
57 60
5 143
32 116
107 125
98 105
94 100
99 168
33 118
28 43
25 131
38 162
138 163
30 147
78 94
62 109
48 162
11 139
24 101
47 64
16 128
17 101
46 95
96 151
40 131
99 170
92 154
72 170
41 150
58 72
36 85
7 151
99 145
10 57
45 80
6 143
21 46
105 146
74 106
44 71
73 109
20 76
19 23
10 89
10 141
11 81
12 140
26 88
47 51
65 75
85 103
30 126
11 19
98 133
161 170
72 87
67 110
85 152
10 48
58 152
75 81
28 109
12 61
122 142
78 147
59 166
44 153
3 147
60 154
13 123
84 157
65 124
127 147
155 170
18 128
82 91
35 93
100 144
35 143
30 85
53 107
39 135
20 90
72 114
18 146
3 67
95 166
37 154
71 160
23 71
69 154
46 70
8 60
54 132
59 121
4 124
113 161
63 141
13 47
18 40
72 118
1 92
89 92
116 135
46 92
30 119
36 140
53 163
15 38
29 155
19 149
48 152
63 148
80 135
19 104
42 160
10 28
36 141
6 145
25 55
109 147
24 55
114 131
110 137
64 105
23 135
73 99
69 80
46 162
14 143
122 161
25 146
87 165
43 72
13 60
15 125
24 39
25 150
64 111
3 86
80 110
36 148
2 79
18 123
86 103
7 67
89 151
106 160
9 153
60 119
5 82
99 167
87 114
61 77
118 155
122 128
29 152
3 130
61 90
6 56
75 165
71 150
109 115
62 82
46 137
57 145
11 147
24 59
37 143
114 125
140 154
10 165
118 126
36 53
10 131
120 124
23 60
68 129
1 62
17 46
142 160
123 162
65 131
17 49
16 107
90 144
9 71
23 41
39 130
100 123
38 112
26 112
139 155
52 161
62 166
23 67
56 137
19 75
114 146
122 126
41 109
45 109
152 159
87 167
30 98
131 159
89 143
123 130
10 125
75 130
49 131
103 169
104 133
92 100
50 88
68 105
53 122
56 66
32 139
13 48
23 119
120 127
124 131
13 153
3 34
27 78
72 123
120 142
41 162
37 93
4 7
2 24
10 140
77 137
26 154
21 157
9 157
70 120
43 155
22 53
17 116
108 150
85 159
49 105
109 138
96 160
28 142
91 136
8 77
20 46
37 49
73 84
82 119
119 156
68 168
46 143
154 162
20 161
50 130
131 148
112 139
40 144
48 111
9 25
31 146
17 127
118 132
59 88
49 106
33 67
17 81
54 146
118 148
28 65
95 100
12 104
75 89
104 131
25 104
34 86
42 48
42 140
16 113
121 170
23 149
5 79
35 135
141 151
34 103
90 93
108 116
90 157
10 71
8 110
77 108
85 111
85 90
25 99
16 88
20 148
19 36
40 56
153 156
96 123
144 160
12 165
80 90
63 156
4 68
67 87
19 35
1 164
60 109
20 106
93 115
50 99
43 95
146 167
66 91
128 138
1 151
49 139
121 148
66 142
73 155
121 142
50 121
13 52
39 161
14 109
66 135
90 143
17 58
98 110
77 161
6 153
99 116
16 21
48 69
91 160
93 106
143 162
40 70
24 168
8 50
90 119
67 90
103 147
4 107
7 139
1 147
44 68
45 169
57 121
66 148
68 98
42 114
118 147
14 159
129 166
33 61
19 141
105 167
26 89
1 82
68 116
38 45
15 23
58 87
81 87
50 105
34 167
123 145
63 140
102 161
13 159
129 158
55 87
42 91
36 112
13 115
133 166
74 159
1 133
52 105
51 108
20 146
55 101
36 118
2 52
21 85
3 15
46 64
104 161
133 144
126 154
57 164
39 131
34 42
2 18
46 125
16 68
36 45
29 69
39 155
156 165
84 100
96 134
78 169
77 121
96 156
63 150
104 106
36 164
118 121
72 103
112 161
4 98
7 108
33 66
62 127
37 112
47 78
83 132
22 92
152 166
83 112
86 97
25 35
22 80
45 51
70 94
38 82
106 111
90 152
20 74
25 91
25 149
21 145
45 106
40 137
1 66
110 140
16 137
74 169
17 67
33 71
53 154
105 113
43 61
21 132
8 143
40 143
46 108
97 164
56 132
94 116
27 108
108 144
89 93
24 119
59 76
27 55
7 112
16 109
113 138
36 79
77 105
25 30
27 88
5 27
88 100
27 110
38 91
4 19
47 117
44 118
122 163
25 161
127 139
57 109
82 98
26 75
16 56
8 126
18 21
17 164
31 113
21 114
16 27
6 161
20 121
108 139
7 150
39 90
80 148
27 47
30 106
117 156
66 108
25 89
28 135
54 131
51 149
66 93
115 129
91 125
82 135
40 103
23 82
65 77
25 83
81 145
36 127
32 165
118 139
31 133
78 136
14 28
58 150
76 97
114 161
16 167
39 109
12 108
44 142
97 102
151 159
81 167
34 161
36 137
7 52
90 118
52 137
61 124
50 149
39 62
76 139
83 161
41 48
9 135
145 158
77 135
15 116
11 56
30 66
11 62
13 76
32 120
13 53
69 123
27 98
94 149
74 107
9 12
112 158
57 169
8 90
123 170
95 101
40 150
29 98
36 126
123 132
111 120
53 87
128 153
34 121
4 131
28 75
4 22
106 164
3 22
94 96
115 150
111 135
57 105
37 89
83 142
57 148
75 163
69 149
80 116
6 121
4 70
17 43
28 115
54 114
67 142
16 28
39 49
32 107
42 157
43 89
84 169
25 65
59 165
81 96
114 116
68 139
66 152
41 51
83 114
143 152
38 142
16 29
58 62
36 83
13 158
35 163
25 68
33 41
5 54
19 49
22 37
123 160
82 126
42 117
74 141
38 65
3 141
24 113
19 95
121 128
122 129
16 31
19 21
24 150
70 155
14 37
30 93
124 137
89 111
21 88
5 108
121 153
117 141
73 121
1 148
33 65
45 168
52 168
75 148
18 39
98 157
106 137
24 116
20 102
43 57
146 155
69 157
23 54
132 154
9 155
110 121
103 111
55 109
27 115
29 170
25 162
51 80
104 108
142 158
118 144
26 140
16 95
57 153
83 126
45 87
123 149
100 145
86 89
53 112
34 64
52 165
23 25
128 169
24 169
27 59
68 114
8 151
29 56
138 162
116 146
11 140
145 147
60 130
24 154
10 55
44 168
50 95
57 91
62 162
80 99
30 51
33 46
24 108
14 169
147 150
33 119
17 112
38 53
83 169
88 138
97 131
92 130
46 51
105 125
65 123
54 134
23 154
54 121
6 57
11 121
5 72
14 56
67 155
79 124
12 128
6 103
67 119
89 169
71 101
73 97
102 137
88 141
34 129
29 112
146 162
13 72
13 167
163 170
13 136
118 127
43 125
2 72
95 119
74 87
53 97
22 164
75 105
2 130
12 109
38 55
46 76
103 145
23 152
47 127
9 21
38 130
56 165
84 156
130 158
14 122
5 39
59 126
27 153
95 168
54 73
52 166
8 28
136 150
29 144
30 86
93 103
81 141
71 87
42 155
37 126
63 89
128 142
15 80
53 103
43 99
19 102
49 150
28 69
72 76
23 134
73 123
64 146
120 156
72 84
20 126
135 139
52 163
73 112
30 154
24 75
85 104
39 83
26 94
131 167
68 120
48 123
106 140
14 67
115 139
115 154
57 101
68 151
75 153
99 134
6 72
42 100
3 40
121 143
59 117
99 128
16 101
73 79
71 137
94 133
81 135
9 76
8 150
22 151
8 165
10 63
65 141
100 106
62 136
28 44
8 123
35 134
132 147
151 170
59 66
1 139
1 57
37 66
51 136
111 119
113 152
77 139
31 112
38 120
134 140
103 158
34 88
96 125
17 156
84 89
86 159
66 165
117 158
17 96
140 147
14 117
1 39
12 95
65 155
85 137
77 155
4 105
60 92
46 133
17 142
75 158
66 100
28 158
8 114
40 76
51 107
72 121
81 170
34 105
20 123
61 66
117 170
15 96
36 114
11 133
72 119
15 64
39 54
59 81
25 64
57 159
64 68
27 38
127 168
138 158
41 110
18 159
70 167
5 136
65 146
1 58
9 42
111 141
95 109
91 170
79 92
61 78
41 58
2 77
14 75
4 103
30 67
61 112
135 154
90 158
140 156
69 71
67 152
75 98
22 24
50 78
52 88
32 62
37 86
26 114
22 62
155 166
30 61
123 127
21 94
125 140
138 144
18 161
76 130
45 94
124 134
3 7
60 90
121 166
39 77
11 165
58 155
43 88
38 100
70 164
6 170
12 127
17 33
75 138
69 153
84 92
46 168
41 140
9 99
57 59
67 123
12 115
81 165
76 113
103 168
23 99
48 50
82 109
17 24
27 71
70 75
58 143
17 57
6 77
110 149
61 145
7 20
142 144
5 134
28 42
78 86
40 151
101 110
3 108
4 101
54 98
42 64
9 117
8 130
42 166
79 111
54 87
128 164
148 154
98 158
14 118
141 149
75 141
70 124
18 103
41 153
94 101
27 128
66 145
74 149
30 124
86 113
107 146
44 158
38 63
77 85
118 165
130 132
33 73
61 140
42 53
6 23
56 85
48 94
39 146
110 162
45 58
138 155
7 84
123 126
10 86
129 162
7 50
47 115
133 159
51 170
16 104
1 97
8 96
18 158
75 103
62 69
30 74
56 88
135 169
3 138
37 68
79 147
96 114
99 156
20 128
113 153
30 110
94 141
95 131
26 37
112 137
114 157
108 159
89 131
99 120
30 48
82 121
70 159
22 113
96 135
51 161
33 109
49 135
40 100
43 157
80 160
34 60
66 119
103 170
119 146
145 161
81 105
163 165
61 100
110 141
114 159
15 51
96 163
78 110
15 19
103 105
28 150
2 16
18 115
25 102
33 55
15 122
28 36
97 101
53 134
58 70
20 142
15 104
9 78
5 169
20 56
46 57
66 122
57 166
63 88
124 130
76 138
74 121
5 52
16 84
63 165
98 170
86 140
54 152
89 167
87 127
61 150
45 99
18 153
101 160
96 111
28 164
24 137
122 166
133 152
94 152
92 114
111 155
57 144
118 162
66 77
53 64
49 53
14 49
42 138
119 167
52 149
76 100
70 87
47 110
11 106
5 123
125 170
84 102
67 70
19 31
55 105
39 55
123 154
132 168
29 106
68 108
18 112
43 118
52 145
12 114
8 10
18 110
20 152
83 147
106 125
14 17
79 156
44 47
23 112
119 131
130 142
1 65
153 168
94 162
100 114
32 49
17 37
90 160
69 85
12 97
3 158
60 121
104 151
11 87
36 128
108 157
2 84
121 124
97 117
133 150
6 98
44 101
64 162
142 167
84 132
36 64
78 113
95 132
71 161
92 134
1 32
135 158
39 162
42 142
17 23
51 81
4 168
37 79
54 85
165 167
38 170
23 169
109 137
33 113
121 161
47 146
60 164
140 157
57 74
30 52
56 108
44 152
36 69
122 148
103 137
3 113
37 71
55 58
28 83
12 99
134 166
14 112
17 62
7 130
109 158
34 124
100 160
40 145
48 126
5 154
76 129
40 86
79 134
50 68
13 113
68 75
3 51
141 169
45 95
125 153
31 72
69 169
91 138
40 59
138 164
26 117
126 146
73 118
4 39
59 84
49 130
22 83
43 121
72 139
60 107
68 147
62 168
89 156
13 97
141 165
23 33
26 30
12 15
126 169
51 83
71 131
21 45
57 110
52 57
59 94
10 53
18 91
10 20
121 131
10 74
17 152
99 136
58 120
3 139
36 41
7 77
19 115
5 92
134 141
50 120
153 166
21 37
164 166
116 150
3 59
119 165
84 101
88 139
94 107
33 124
15 34
56 112
64 159
7 131
140 152
59 151
15 118
1 87
105 128
79 148
79 102
64 70
12 51
47 138
83 90
33 83
9 24
146 168
113 144
22 73
103 121
10 40
128 163
102 107
35 68
29 31
52 169
38 143
21 43
19 88
17 76
15 29
118 170
113 122
34 91
133 145
88 148
74 105
58 85
73 86
49 93
98 141
53 133
21 150
8 68
137 167
110 131
38 96
14 145
50 134
106 149
89 99
27 152
3 33
66 167
105 162
57 134
50 148
43 159
41 136
92 169
36 136
50 109
59 143
35 108
109 170
117 135
27 142
122 149
127 169
142 146
39 44
145 152
44 80
38 47
75 110
87 156
101 131
5 24
37 39
24 170
14 73
25 73
133 149
139 157
61 70
43 103
67 109
80 150
18 34
73 152
71 140
65 105
144 167
75 122
53 83
41 104
37 53
11 24
143 163
66 99
29 115
59 64
106 155
113 134
4 15
77 136
34 92
77 122
77 151
78 107
78 84
7 26
27 147
132 150
33 74
3 56
146 153
104 122
72 88
41 81
41 94
62 74
105 118
95 123
28 99
12 17
15 36
26 156
65 148
1 159
42 61
75 101
148 166
21 69
79 118
78 143
90 155
13 27
14 166
107 142
32 152
32 66
69 75
87 139
31 126
128 132
4 161
85 115
129 135
96 132
5 90
71 104
56 92
56 134
74 90
37 70
38 131
85 135
88 168
12 134
76 78
50 82
89 145
56 121
75 117
14 124
22 156
71 136
1 106
11 135
86 99
71 110
108 151
25 155
44 121
27 31
4 88
3 54
36 43
19 57
2 164
89 138
27 45
29 32
26 105
5 122
41 71
71 73
27 122
6 20
119 135
27 170
42 94
45 159
14 85
19 97
74 76
25 98
36 78
4 87
101 119
106 109
126 165
114 129
1 154
78 127
21 99
6 49
76 137
35 109
69 73
19 138
104 157
65 160
71 157
36 96
7 37
52 131
39 58
13 164
132 159
27 83
51 153
50 66
86 122
47 123
93 139
105 121
44 163
52 155
3 70
83 129
58 126
43 166
14 140
96 164
104 125
26 125
2 55
42 133
25 78
38 80
104 129
75 86
47 134
108 166
43 115
19 103
99 107
43 76
44 52
44 132
5 96
24 71
17 91
114 118
81 119
19 64
39 63
97 165
58 128
75 97
1 25
29 159
85 153
54 89
9 110
37 45
6 104
27 124
45 96
8 104
17 128
27 165
23 64
33 94
40 105
96 166
101 120
87 134
32 151
102 104
21 29
7 18
28 147
9 166
156 170
79 131
49 127
126 148
6 54
32 124
16 145
46 153
80 170
15 140
61 97
78 152
37 138
132 149
75 132
5 139
33 154
4 30
60 87
148 155
74 78
12 66
105 117
123 134
10 39
93 156
72 98
108 133
56 67
137 151
6 157
18 77
15 65
95 135
63 164
26 121
138 157
68 79
53 165
40 113
8 82
47 98
70 153
7 17
47 143
3 84
111 154
13 82
44 110
6 90
39 157
141 152
53 72
47 62
86 124
10 124
10 90
6 101
23 58
59 102
114 119
9 52
139 148
20 68
50 138
33 78
64 164
29 41
35 72
71 102
24 152
18 24
37 148
25 138
47 113
10 22
26 164
10 19
25 76
55 168
16 164
86 126
23 73
28 157
52 54
17 123
11 60
104 168
6 134
95 134
115 160
46 94
15 151
30 102
3 105
100 170
78 100
35 55
19 137
3 24
83 154
3 69
25 127
33 149
82 97
53 69
16 148
42 90
44 98
109 150
14 119
61 93
16 38
1 153
75 96
99 118
4 76
63 153
30 84
22 137
25 118
96 152
36 135
1 168
21 101
27 34
62 140
85 149
1 112
62 104
26 107
32 64
82 88
60 136
100 115
71 168
48 51
9 147
22 126
34 58
8 142
159 162
38 48
89 155
54 116
44 94
27 131
59 141
44 46
69 168
110 133
156 166
88 116
50 117
41 61
12 148
16 169
89 118
113 155
49 146
12 154
3 150
104 158
14 156
25 169
31 44
108 120
20 92
103 167
127 140
54 168
148 158
105 143
42 96
5 140
105 169
95 99
123 137
72 140
54 58
114 149
134 149
51 127
58 78
12 16
11 154
77 104
71 103
103 161
38 124
15 162
130 133
39 66
14 86
5 84
106 146
93 97
88 131
130 134
13 32
47 161
91 163
48 66
72 124
58 139
14 102
3 149
61 88
2 5
64 78
77 152
26 102
29 116
103 166
71 165
77 118
81 95
44 115
75 114
94 122
111 143
36 61
11 67
87 148
90 120
19 42
116 134
125 134
64 166
92 125
36 71
7 144
69 92
4 11
52 112
155 165
16 135
42 113
22 170
82 132
128 135
32 140
41 117
59 153
40 153
24 69
97 158
158 161
97 141
60 125
11 52
83 119
16 74
94 150
83 87
58 106
76 122
7 158
89 112
108 112
27 140
68 71
83 88
24 127
12 107
72 75
109 140
82 85
1 102
23 47
150 162
43 158
68 163
49 140
26 93
1 36
23 138
82 93
37 147
19 127
81 106
45 90
50 151
32 132
46 157
5 150
64 93
120 163
32 121
87 138
18 67
107 156
20 110
90 131
96 126
55 79
98 118
64 144
33 56
123 147
19 74
130 167
60 134
60 120
11 21
23 115
6 34
66 162
32 159
26 55
67 115
23 105
20 53
46 138
111 146
146 149
1 96
104 124
57 170
85 93
22 124
103 157
25 51
98 102
53 130
7 88
2 44
87 152
6 102
64 103
21 162
73 78
78 166
82 101
6 18
113 119
9 100
62 122
25 100
17 51
42 110
68 99
69 134
53 88
32 63
62 101
134 161
11 96
9 50
1 150
8 25
27 33
88 96
124 165
95 165
34 163
41 73
15 93
34 77
14 92
93 132
30 63
17 85
16 165
45 89
22 36
55 60
14 34
43 117
42 129
9 14
102 125
36 169
24 47
38 110
6 148
31 65
36 147
8 85
47 124
39 165
92 139
27 118
55 170
12 77
42 58
47 112
67 158
56 122
46 111
95 108
121 147
72 81
52 150
90 123
4 95
71 105
60 168
2 104
33 136
72 154
11 163
19 51
65 157
24 147
92 131
26 149
14 16
2 108
62 139
126 134
86 106
112 156
29 49
66 114
57 158
65 89
25 81
16 166
21 131
73 122
110 127
25 40
44 73
80 126
7 110
119 124
7 22
60 118
71 143
6 31
34 114
49 136
68 124
47 81
7 128
4 75
12 55
11 65
27 84
3 92
53 106
119 170
48 144
31 68
92 149
61 162
121 141
27 99
18 59
12 152
27 138
9 145
138 145
137 158
94 160
64 81
64 135
90 142
109 111
42 125
64 88
115 117
56 159
54 123
76 147
40 127
20 26
28 96
122 147
39 139
34 52
11 26
44 92
49 112
3 89
9 85
85 100
31 81
32 82
85 160
11 145
60 63
20 47
113 170
40 157
42 68
20 22
17 61
122 127
63 90
48 127
35 132
72 160
45 149
49 59
36 155
156 168
70 106
35 54
53 57
109 126
59 91
93 167
29 54
12 124
68 132
51 113
34 117
52 92
63 127
19 129
8 160
94 118
71 129
50 165
65 67
64 97
8 19
22 47
13 148
56 152
46 58
46 156
9 165
16 140
31 151
10 80
11 104
56 104
55 115
9 58
59 70
86 167
39 113
59 74
92 166
2 120
47 56
86 148
87 116
71 77
75 166
11 159
82 151
61 158
102 135
160 166
104 145
21 146
25 126
89 135
109 164
24 48
57 83
59 61
96 121
23 123
67 154
25 29
30 96
124 143
49 159
56 158
14 90
58 158
69 165
117 131
27 49
64 134
60 106
43 100
91 97
49 134
76 120
25 58
7 21
57 129
164 167
25 170
77 109
63 91
87 120
102 141
95 112
20 41
37 115
141 150
9 128
86 133
29 120
63 166
46 89
55 120
88 106
136 138
85 157
149 165
28 155
21 139
48 97
71 107
36 130
53 113
97 138
93 108
69 121
89 117
60 64
21 112
57 61
59 147
11 158
101 103
70 144
38 167
75 88
19 91
77 145
25 53
11 84
1 41
11 124
93 145
13 57
106 161
29 100
33 103
95 128
49 170
53 65
47 53
40 147
37 130
13 31
59 152
105 158
95 151
60 161
72 82
49 110
103 156
16 66
29 151
107 122
18 93
96 153
76 109
15 20
2 159
93 120
90 95
52 148
35 158
48 86
44 107
48 142
40 135
97 100
99 132
7 57
141 147
127 129
80 106
66 163
26 116
10 169
107 133
15 105
77 89
121 149
77 156
12 111
79 83
77 143
29 38
23 128
37 90
67 139
91 146
5 41
43 112
30 157
86 169
52 114
98 128
58 153
47 84
62 83
46 142
146 148
29 43
36 157
91 105
17 55
27 130
3 19
53 80
92 161
25 94
83 93
2 96
136 167
111 151
37 145
11 88
92 135
49 90
71 82
103 133
19 29
104 138
3 98
39 95
3 52
26 48
29 67
134 138
46 129
61 153
63 143
78 131
5 70
49 64
39 65
62 165
102 118
75 80
75 134
101 154
94 166
115 148
8 24
17 27
55 73
23 160
127 158
80 167
63 131
88 140
40 146
10 149
120 167
39 101
21 79
90 162
130 140
56 143
20 36
8 168
35 92
58 112
54 161
35 104
12 14
4 147
107 136
20 69
14 146
58 141
5 130
70 100
65 80
25 52
5 29
65 76
56 105
116 118
91 158
37 85
84 87
38 145
48 150
4 135
23 31
73 93
37 123
3 153
132 136
59 92
74 80
38 117
26 128
8 120
95 124
3 94
110 117
104 160
73 89
40 114
56 140
59 167
62 145
62 160
5 137
16 50
147 151
41 62
115 125
63 102
142 168
41 111
126 138
22 136
39 85
82 136
63 66
13 103
48 137
62 158
102 160
12 25
94 131
83 162
12 147
15 47
27 92
72 150
44 137
25 37
9 134
66 170
29 164
65 92
63 147
33 44
35 157
42 145
37 114
132 146
49 104
139 169
76 82
59 101
143 156
132 161
28 130
35 162
43 111
160 162
28 118
22 102
60 62
81 93
81 113
118 166
107 121
10 115
74 125
19 105
41 141
63 110
69 88
20 116
67 91
61 73
54 169
75 99
108 136
44 48
5 120
104 143
33 120
9 119
78 126
34 146
1 121
73 157
108 163
34 55
11 85
32 88
94 154
75 104
32 153
131 150
43 126
91 165
2 92
73 132
81 85
14 19
80 86
17 30
95 148
113 121
86 160
120 168
42 144
106 127
116 145
22 65
4 85
127 166
38 56
19 152
11 166
128 170
50 102
104 123
1 103
155 164
143 167
7 75
23 109
58 79
102 166
16 37
15 79
33 101
102 138
3 58
96 165
112 132
18 143
51 93
44 87
109 163
71 115
16 92
76 80
86 155
56 147
97 120
80 131
61 108
147 161
82 149
1 149
27 87
51 129
40 95
96 148
14 100
16 158
22 25
92 121
99 135
140 161
73 146
45 86
44 83
71 97
105 126
71 146
101 169
81 88
84 143
87 98
31 152
39 121
40 74
4 109
154 158
76 103
79 146
10 87
11 28
41 126
45 162
2 11
40 98
20 34
38 67
28 30
77 120
40 87
35 59
8 44
5 148
20 105
21 144
153 161
31 156
59 77
15 150
49 91
93 163
21 93
93 155
7 10
26 142
154 166
55 147
101 128
72 129
8 15
150 167
51 140
102 143
120 160
26 108
40 162
34 89
8 67
75 85
57 163
54 62
91 145
39 124
14 97
86 130
38 52
38 150
103 116
2 8
57 79
122 156
52 76
2 51
107 140
106 108
130 139
102 127
134 147
103 142
46 126
18 63
69 163
42 97
93 135
119 159
51 62
6 135
13 147
91 116
20 129
42 124
124 156
68 157
131 158
59 129
10 156
55 78
20 167
41 105
105 124
61 87
57 85
75 136
54 60
45 74
18 106
15 119
80 162
23 151
8 62
33 58
126 168
63 73
145 162
46 166
143 147
120 150
64 72
26 170
89 95
5 124
87 168
4 151
7 42
62 157
97 168
101 116
141 153
65 96
72 122
48 54
64 138
98 106
68 94
2 60
34 141
120 138
97 170
47 79
11 16
127 165
99 109
60 149
64 106
42 135
114 158
57 137
9 75
92 101
29 135
6 125
19 111
120 147
30 141
13 74
70 78
6 43
80 114
39 122
67 105
123 129
10 12
31 84
31 48
72 106
44 147
67 121
7 141
8 124
133 151
31 74
56 124
2 64
114 134
61 110
32 43
32 147
48 130
57 147
57 156
81 155
24 81
26 63
73 90
18 125
116 170
92 163
38 59
87 121
25 69
1 88
6 162
103 123
45 91
85 129
70 113
154 167
2 69
51 60
3 118
36 149
23 161
13 160
77 163
22 74
102 109
28 116
74 145
69 120
18 33
134 139
97 150
57 104
80 133
21 123
9 54
82 108
28 80
24 109
63 111
47 85
44 136
22 29
51 73
8 148
52 64
5 114
81 151
139 160
101 106
41 57
56 81
144 150
19 30
94 163
37 144
72 132
12 23
8 66
31 104
102 162
67 118
47 111
4 102
49 78
34 133
21 51
26 115
27 70
41 123
8 113
25 31
56 149
132 135
102 108
4 36
27 46
131 166
81 137
98 155
30 146
150 159
31 102
73 165
80 129
63 97
21 125
63 168
149 161
1 152
50 145
4 164
96 105
36 84
94 127
100 116
4 157
48 71
156 167
47 118
77 94
69 111
115 137
124 145
110 167
31 58
19 147
118 128
113 154
32 73
61 167
141 158
13 40
92 103
98 103
30 64
53 156
1 31
2 127
45 103
78 117
91 95
95 167
107 151
3 46
64 169
17 107
76 99
6 45
87 101
36 75
9 124
88 144
34 118
72 80
12 126
37 170
93 125
148 169
67 83
59 65
46 110
53 139
1 16
41 67
41 52
16 85
72 96
49 81
51 162
101 143
26 47
130 168
113 166
113 162
101 123
18 82
33 110
35 89
18 133
49 67
45 52
93 122
46 97
9 151
104 165
66 96
53 68
69 139
50 67
35 65
92 132
83 91
51 164
64 116
38 87
20 39
9 103
2 74
62 80
49 95
32 131
29 117
79 123
37 166
108 141
67 147
72 144
118 160
63 116
13 135
41 45
102 146
81 108
61 144
16 106
91 154
72 148
54 93
15 69
74 91
78 130
12 70
36 113
57 162
124 135
72 143
4 48
100 149
17 137
27 137
8 129
99 148
32 122
124 150
39 152
21 34
43 150
80 138
123 151
2 155
74 168
76 163
96 129
32 44
62 114
3 128
84 131
48 53
15 72
91 144
123 155
157 160
14 72
14 79
135 161
41 87
51 101
61 127
22 122
49 119
3 64
61 159
129 164
17 68
1 115
4 73
117 166
64 66
33 64
93 109
35 114
71 116
109 167
88 136
83 102
16 163
5 8
82 107
36 47
91 134
33 148
61 114
50 80
11 74
136 141
50 154
4 139
65 138
26 99
132 138
20 163
49 80
125 160
75 109
23 51
62 97
112 128
107 170
1 17
79 139
63 94
67 95
64 141
32 85
52 133
29 124
26 45
47 77
116 161
3 157
11 149
81 92
104 121
37 76
15 95
93 141
23 38
85 112
47 129
15 71
21 98
34 90
92 155
69 132
27 136
135 143
19 71
75 111
39 57
50 139
26 79
62 161
15 35
40 99
47 101
133 157
12 29
32 90
65 82
33 53
51 103
58 157
32 149
66 139
40 80
87 140
65 168
54 167
25 123
12 136
129 145
55 90
145 164
46 80
31 127
39 51
68 90
91 151
7 168
20 50
23 164
91 162
102 123
5 11
69 138
105 154
61 135
105 145
20 115
58 137
157 163
18 43
98 167
24 136
21 166
102 164
136 148
8 112
9 32
60 162
84 119
30 162
126 150
164 168
44 109
70 127
16 73
100 161
70 72
18 31
10 100
50 118
42 130
48 60
119 168
72 104
30 118
28 93
14 57
41 91
36 160
7 159
38 71
114 124
52 151
28 161
86 166
134 157
6 62
39 168
50 150
4 42
11 54
22 150
78 122
5 83
92 153
56 98
79 127
8 13
36 42
13 137
31 166
129 138
18 74
42 52
35 101
20 75
23 76
80 154
2 156
70 152
124 161
51 64
31 158
106 158
138 152
42 143
48 132
16 40
62 146
55 98
39 59
26 42
27 60
14 130
49 118
3 79
19 170
97 106
109 169
41 118
39 88
81 107
73 125
57 150
74 156
70 81
85 89
108 154
83 136
16 142
149 168
4 104
33 54
17 111
46 71
17 122
46 146
35 103
37 78
40 60
108 167
158 167
4 166
66 68
93 96
115 126
114 163
119 164
99 151
67 132
28 104
26 56
28 81
69 84
94 104
13 119
40 83
14 71
121 163
69 164
83 146
15 132
50 156
2 62
74 146
3 107
10 110
62 87
62 150
108 124
93 160
56 161
95 120
92 167
133 143
89 168
4 99
107 124
81 140
119 169
86 145
17 19
89 125
63 72
78 102
26 124
32 141
28 82
16 36
106 121
26 101
30 132
45 115
134 160
69 143
49 133
19 90
22 165
76 117
23 68
12 135
122 169
80 152
22 106
41 93
1 51
48 72
25 156
15 22
62 120
118 136
46 158
115 140
29 168
76 153
55 103
48 165
34 158
53 162
2 109
78 98
50 135
92 143
133 140
46 120
24 29
120 129
58 99
72 166
15 126
30 112
83 110
20 165
18 156
90 151
66 151
132 137
39 115
46 83
39 110
72 89
36 134
58 162
44 131
73 153
41 114
9 19
87 154
74 92
88 92
76 116
22 57
83 122
14 24
37 153
2 34
67 126
84 112
57 160
157 170
80 123
69 107
41 68
21 103
74 85
96 118
40 156
65 126
84 147
109 168
98 140
13 23
118 129
59 99
23 141
22 27
19 109
53 143
16 118
36 165
30 59
101 146
14 161
6 64
115 149
45 155
76 108
5 67
61 119
4 43
122 150
4 50
70 138
87 164
35 117
66 70
69 76
63 84
139 164
119 139
5 74
51 132
21 28
33 93
147 170
43 77
50 166
111 147
39 170
51 102
36 105
4 23
12 56
70 97
86 129
56 146
1 75
27 82
125 141
80 137
65 107
102 153
55 96
12 54
15 106
56 145
90 101
17 103
49 111
39 145
51 111
52 128
44 126
55 132
13 41
144 166
33 133
63 122
47 121
117 160
14 168
125 145
19 76
51 152
87 95
93 121
84 164
87 107
18 41
63 86
4 116
36 97
13 108
78 137
41 49
110 148
30 46
92 170
28 131
2 81
60 131
154 157
28 113
17 94
29 129
20 30
37 54
106 148
83 96
85 151
36 119
62 153
13 84
49 126
10 133
85 170
34 144
38 49
17 132
8 16
91 98
81 103
65 127
30 128
10 134
13 93
40 117
17 134
33 45
58 71
84 128
43 144
54 107
32 75
33 102
49 132
11 143
140 151
26 50
79 135
95 142
138 168
1 70
130 143
47 165
135 146
83 101
23 86
5 31
16 39
46 154
76 136
7 145
109 143
26 168
8 138
79 144
41 89
13 87
120 148
131 143
19 166
31 147
137 145
130 157
25 33
79 104
154 156
23 34
115 169
27 148
103 149
101 136
19 60
69 142
8 71
25 62
21 127
45 164
113 116
131 140
126 131
59 103
12 18
24 131
9 57
93 150
3 145
152 161
17 147
122 160
76 135
28 105
50 104
63 161
27 114
6 164
44 76
120 135
18 70
5 48
89 129
78 159
79 84
77 142
13 149
83 149
38 105
97 167
84 138
61 139
97 128
60 145
101 159
79 125
73 100
5 87
24 148
31 41
106 114
74 79
86 92
116 143
42 46
14 135
8 145
112 152
86 136
31 100
14 87
25 84
12 76
17 74
11 112
60 115
62 72
16 110
88 163
50 73
4 159
89 100
25 113
81 131
93 110
98 136
9 133
46 96
31 145
46 121
17 65
132 143
8 75
21 154
45 53
23 170
13 16
111 123
25 154
78 145
15 82
14 45
1 6
38 93
16 115
83 158
159 166
14 43
55 150
55 65
37 158
94 111
68 162
3 164
111 169
75 129
6 141
17 131
14 77
90 94
140 155
92 146
34 142
36 87
99 105
118 152
12 121
115 158
65 152
74 162
24 67
78 114
92 150
8 141
111 150
108 164
11 161
68 165
141 161
51 131
98 159
41 54
96 119
142 157
5 164
15 21
60 68
18 152
17 157
20 28
25 61
42 162
23 146
119 163
39 97
24 77
131 155
19 93
67 69
162 168
88 123
17 121
66 138
84 150
37 64
33 43
121 137
35 45
45 121
18 54
88 156
29 158
41 100
118 168
58 117
29 99
11 75
82 150
62 89
4 20
51 94
7 83
29 85
38 111
140 153
128 155
60 155
68 119
72 120
32 118
17 133
57 130
89 142
80 130
114 156
69 98
83 151
4 115
150 154
146 159
18 61
89 98
76 152
21 169
56 130
56 61
11 40
51 74
84 163
55 165
141 167
11 103
9 13
70 147
20 98
134 152
15 98
148 163
149 169
138 143
23 80
6 114
111 159
47 107
103 131
37 160
58 119
43 59
64 121
144 169
12 72
124 132
8 86
152 169
60 83
99 133
22 33
29 149
121 145
154 163
72 86
20 84
4 127
69 137
7 138
127 143
144 163
72 117
18 51
101 122
31 150
12 151
3 20
42 102
35 87
137 156
114 143
10 82
31 108
22 91
127 136
66 124
125 131
25 160
30 56
67 76
8 97
94 119
80 146
2 160
54 148
9 18
143 150
12 96
25 96
67 136
97 144
48 138
2 32
89 116
26 54
14 29
101 108
126 136
95 117
90 106
68 131
70 149
55 112
31 101
51 165
102 163
4 170
105 110
152 155
131 157
25 46
38 113
68 138
37 97
29 165
6 75
76 124
18 36
54 130
50 57
41 90
85 134
47 156
67 163
43 97
68 80
60 78
63 142
18 160
24 153
77 138
17 117
79 168
42 167
3 166
84 145
29 78
32 47
9 120
64 158
90 105
61 148
96 112
120 145
62 112
59 69
57 168
26 141
46 149
64 109
56 114
54 110
30 107
22 166
17 102
107 138
7 87
41 50
65 133
97 126
24 38
36 68
126 132
106 151
96 104
21 95
75 161
27 141
6 78
81 146
29 156
50 168
128 137
14 74
42 76
121 144
56 91
88 170
78 158
5 93
78 93
50 143
105 159
67 77
18 57
106 136
18 38
93 104
66 110
48 85
26 113
10 113
75 160
4 156
31 95
18 95
41 119
46 148
4 28
37 98
37 120
49 88
11 142
12 63
54 78
70 146
80 164
22 34
142 170
51 82
113 151
75 106
1 77
4 33
39 154
53 55
135 151
57 114
55 62
83 105
68 144
39 108
12 49
104 107
1 123
40 72
62 152
113 137
151 169
118 151
28 84
72 157
56 79
28 137
53 77
30 105
6 93
48 90
106 135
49 168
60 113
42 134
68 125
93 113
21 63
43 91
15 166
94 132
41 131
67 81
10 138
35 58
63 137
71 145
14 141
57 151
9 65
139 159
74 116
38 169
88 93
44 125
33 104
112 162
108 126
22 98
105 170
22 95
142 163
156 161
45 142
2 165
133 164
135 137
42 147
76 162
89 103
130 147
15 153
100 150
103 164
31 97
80 142
63 145
23 50
162 166
97 108
92 129
11 168
82 163
84 129
82 158
76 96
71 93
65 165
112 143
34 125
66 137
75 77
101 139
18 32
15 117
95 141
39 132
9 31
72 107
30 34
26 41
87 160
87 89
114 168
5 100
62 98
47 153
55 93
37 127
64 74
6 109
26 106
14 154
36 67
3 111
36 49
6 115
13 109
31 98
47 142
50 136
78 88
40 140
137 161
30 140
47 128
15 28
121 169
4 41
144 168
45 64
23 130
81 126
155 160
44 139
1 125
83 135
3 125
41 167
24 78
13 22
63 167
68 155
57 67
115 163
101 118
72 161
49 154
44 146
39 158
55 113
139 149
87 170
23 78
120 130
22 44
26 78
45 125
12 53
92 107
7 29
123 152
2 118
42 118
4 96
23 127
16 112
117 143
103 162
33 108
33 159
69 155
14 25
33 167
82 96
26 120
130 170
102 139
67 103
41 125
82 86
46 52
18 53
25 71
36 145
58 121
54 67
43 46
31 69
56 139
16 116
82 168
25 119
102 151
24 50
38 90
81 98
9 72
31 79
99 117
145 169
134 142
129 151
92 97
51 84
76 91
1 110
91 140
112 129
1 14
84 144
70 91
88 143
90 164
18 130
60 86
3 167
51 141
17 93
4 114
94 124
52 170
64 73
7 9
61 79
80 124
92 118
35 42
54 164
92 165
31 62
68 100
34 67
66 104
64 154
57 146
43 146
30 103
155 168
112 147
101 125
21 110
22 40
46 119
88 90
6 66
88 103
37 52
112 160
68 104
3 100
30 41
57 76
65 73
6 83
99 152
90 165
102 134
61 151
33 68
1 161
96 154
58 130
71 78
49 125
31 99
4 113
70 148
1 15
54 149
65 125
27 116
66 136
82 154
19 99
29 46
56 160
12 65
42 119
151 156
96 162
75 150
148 165
32 137
7 104
34 119
53 164
42 99
159 164
30 69
85 148
24 106
15 101
20 127
25 60
17 71
35 67
26 64
29 134
100 120
71 169
100 135
45 62
143 149
150 153
59 63
105 120
7 81
95 129
134 145
12 118
25 28
80 134
21 128
35 100
11 157
21 59
153 167
46 145
65 166
123 167
15 52
54 84
13 127
26 34
90 128
20 104
72 116
104 148
23 74
35 41
28 47
4 52
5 89
50 74
67 122
84 167
51 57
89 153
14 82
42 153
54 118
37 164
1 155
120 158
25 168
161 163
89 101
82 131
71 109
82 160
145 165
11 94
3 50
85 98
26 122
72 99
67 104
56 125
43 78
56 127
44 149
18 68
86 120
3 18
51 91
67 146
25 97
75 102
67 143
70 141
132 163
54 79
15 133
28 141
130 160
95 104
10 95
62 128
20 132
75 119
143 169
39 119
96 98
51 117
58 140
42 44
53 167
73 117
10 46
118 145
13 152
76 168
68 83
16 35
77 93
90 146
30 81
39 56
70 88
18 134
84 125
22 134
33 47
8 58
32 65
65 98
47 71
40 149
158 164
42 164
43 122
42 73
14 63
44 104
73 142
98 143
143 155
35 154
44 148
65 151
20 160
91 149
27 146
135 147
65 88
71 89
74 132
44 135
21 54
66 166
19 116
37 133
84 134
52 141
44 100
137 153
4 66
37 100
12 67
27 91
51 128
63 139
87 104
31 42
38 108
70 139
135 156
16 119
101 127
29 95
65 84
96 159
51 133
57 132
20 49
36 92
42 74
13 111
140 169
82 133
11 13
100 131
134 153
105 153
63 118
14 38
11 46
81 86
155 159
13 49
24 87
29 161
44 95
57 120
63 120
69 141
58 123
35 112
32 117
112 141
14 149
142 154
25 82
112 150
50 87
120 165
70 140
100 103
10 65
36 100
103 148
112 140
21 119
55 128
39 150
53 56
136 170
73 136
10 45
9 95
11 111
17 97
29 146
70 168
67 134
17 78
123 158
117 138
12 153
29 45
113 150
34 98
21 170
62 147
40 91
43 136
77 165
166 168
48 122
3 62
72 112
64 147
29 80
35 90
7 62
65 79
2 21
7 155
10 33
36 129
11 92
13 110
24 52
11 83
61 165
59 78
89 122
132 153
3 73
32 155
49 163
1 122
128 168
9 121
69 124
10 37
61 65
59 130
100 125
70 103
56 116
2 28
77 157
148 153
34 48
6 10
88 101
52 97
46 98
5 63
41 47
9 46
42 123
53 160
47 54
24 160
46 59
48 105
87 105
3 115
148 157
96 127
26 35
19 122
68 156
12 62
96 116
16 75
1 34
70 74
77 158
14 20
53 108
37 107
12 170
2 36
57 142
2 103
98 123
143 164
115 130
52 122
126 166
54 158
49 103
10 116
117 142
90 149
128 141
82 99
67 111
4 49
1 85
48 76
21 72
19 161
12 156
125 159
10 14
58 103
140 148
14 60
52 80
132 167
20 169
35 151
133 136
102 142
2 132
83 134
38 161
46 74
82 153
47 50
34 108
6 69
24 35
40 93
42 77
98 121
40 132
14 123
86 154
76 144
15 81
74 143
115 134
37 41
74 150
88 102
27 50
102 149
75 167
63 104
6 107
3 61
36 132
9 129
58 74
83 121
21 121
92 95
114 137
4 148
35 128
91 110
37 58
24 30
18 168
25 105
4 160
145 160
16 90
71 111
15 87
47 82
94 139
38 76
20 55
41 144
18 72
7 156
13 67
88 120
95 105
83 86
145 150
42 84
64 133
75 108
74 139
106 134
19 62
71 144
28 156
39 43
15 17
17 40
21 90
3 38
65 90
36 55
109 148
12 164
25 144
84 116
34 130
33 131
74 157
58 66
32 127
30 108
103 124
92 147
65 97
91 126
24 120
98 147
110 155
25 136
122 141
15 113
11 48
117 145
52 67
56 102
118 137
6 85
29 75
39 167
33 137
3 154
37 146
62 164
5 13
93 123
8 43
77 84
94 168
130 166
25 152
132 140
24 141
36 146
39 117
53 92
50 61
123 165
92 136
56 123
45 82
120 164
141 168
21 96
1 27
6 152
39 64
106 120
83 98
55 162
61 106
48 140
40 75
68 136
1 127
3 137
71 122
18 138
34 40
60 126
21 50
129 147
22 152
85 166
3 160
73 101
110 160
37 46
107 123
119 127
58 156
67 86
31 136
35 152
11 153
95 103
88 127
8 83
32 53
20 60
90 113
86 164
32 130
3 9
163 166
48 70
80 93
22 84
35 105
18 37
54 136
30 123
60 128
16 162
14 33
74 109
9 167
56 170
137 169
81 133
49 86
56 110
1 54
37 108
101 163
13 118
19 136
21 23
65 156
1 46
19 114
37 74
52 115
51 106
93 140
21 111
117 146
134 158
30 148
85 150
110 169
83 163
142 155
40 78
34 138
140 170
66 103
91 124
89 134
1 74
27 51
3 72
44 85
40 110
42 132
92 144
23 140
2 152
34 53
45 55
17 47
105 163
49 113
19 56
126 167
136 168
22 144
128 133
52 85
53 137
55 121
13 30
35 96
12 112
48 104
35 107
65 115
31 142
76 166
86 162
126 159
34 36
23 113
45 145
66 121
62 154
164 169
11 137
40 168
20 144
102 159
98 114
36 138
75 140
23 26
18 141
133 137
19 92
33 150
52 158
37 121
158 169
3 93
7 58
39 89
66 150
137 164
60 84
141 166
66 149
103 113
14 133
64 143
53 152
37 118
9 150
6 99
51 167
70 122
47 86
72 165
64 67
28 136
52 146
57 116
40 118
1 156
49 115
16 26
42 163
79 81
70 84
2 47
60 142
76 155
1 5
13 162
79 163
3 16
116 144
72 111
62 116
28 72
29 47
117 167
92 151
64 160
121 156
130 150
67 135
73 94
61 147
51 138
32 92
48 68
74 81
6 74
19 58
67 120
11 128
50 56
84 124
56 96
9 160
113 158
51 112
24 125
41 60
69 152
19 124
10 126
32 157
53 148
81 128
123 131
82 155
42 131
36 103
78 112
34 37
1 19
42 95
111 117
148 150
42 50
1 18
95 150
55 88
10 77
27 61
51 72
24 40
90 163
51 78
131 163
30 115
21 108
15 135
74 142
99 164
83 165
114 141
10 67
81 125
58 108
33 77
136 166
28 145
9 62
96 158
55 95
37 72
1 10
106 163
20 83
107 110
21 140
2 54
33 59
48 82
47 135
48 84
1 60
20 77
18 166
42 156
16 170
44 74
16 136
33 62
39 72
92 158
33 135
45 93
78 99
94 140
67 159
66 102
5 131
57 141
38 151
22 70
63 105
9 91
104 110
107 145
85 127
21 142
78 87
70 112
128 156
125 143
36 117
75 121
56 76
86 158
4 128
92 160
162 170
4 169
22 120
79 93
57 108
12 58
54 154
96 140
26 80
2 49
121 135
39 136
107 117
43 133
59 89
112 164
127 141
47 152
128 139
108 149
32 72
51 69
8 101
92 110
85 165
136 142
121 165
17 167
69 74
48 117
65 149
64 156
119 162
108 155
91 166
124 162
53 109
94 167
16 129
38 139
35 119
81 148
11 39
69 160
27 113
102 117
108 142
64 140
1 35
2 162
90 112
77 111
90 136
2 139
88 162
35 116
22 99
4 65
21 120
96 170
18 42
1 165
50 152
27 157
40 148
44 161
38 60
34 150
55 118
24 85
46 151
81 158
1 44
16 63
37 57
9 97
46 91
24 126
39 105
31 90
11 45
25 49
10 122
40 63
44 145
17 119
18 124
22 89
12 64
2 14
19 65
52 144
75 135
43 128
19 85
113 136
19 117
111 139
2 89
111 168
80 85
68 145
22 116
129 163
35 138
37 149
132 165
82 94
47 108
54 151
128 160
20 155
148 160
161 164
40 120
41 95
29 51
163 168
43 62
92 145
5 112
84 151
158 165
84 127
128 143
65 78
104 149
60 110
145 149
2 117
47 137
63 106
77 146
74 120
29 104
27 112
35 144
18 65
85 133
146 161
127 152
14 89
39 60
106 142
36 124
23 143
64 151
84 154
25 120
29 71
15 108
44 156
16 102
121 157
48 89
45 165
101 111
71 117
50 69
39 103
24 72
57 131
20 23
33 50
118 123
117 168
12 57
104 116
132 164
58 136
25 66
123 169
37 56
124 128
3 87
77 131
92 120
39 129
62 105
93 149
34 81
135 159
152 156
30 100
62 88
36 168
71 124
23 84
30 55
72 115
89 113
56 142
23 79
2 107
121 133
22 145
72 126
32 52
108 131
52 162
11 131
39 87
37 80
96 146
12 40
128 150
65 154
118 149
72 168
33 111
59 75
22 67
113 146
53 96
9 146
104 156
68 133
53 135
8 98
99 137
19 80
18 154
123 141
5 57
48 166
78 149
34 51
73 167
27 89
129 168
99 165
13 54
111 149
127 132
144 158
13 144
104 164
55 83
89 170
12 46
40 109
54 57
32 156
11 79
89 124
28 148
19 26
8 128
51 123
48 100
56 99
71 81
2 163
17 29
52 126
94 156
111 158
34 84
148 164
35 49
126 147
38 155
89 130
99 159
50 62
95 149
4 25
51 79
78 154
133 167
124 167
85 96
101 117
99 149
53 59
150 165
54 166
49 73
114 170
90 166
79 119
139 152
42 111
49 65
31 143
58 64
108 161
124 127
62 167
46 165
14 66
67 125
145 157
3 131
106 123
146 165
35 148
110 163
25 88
43 102
50 116
9 123
96 144
23 70
29 86
43 74
16 159
99 161
1 166
49 87
25 147
4 119
29 141
2 45
69 97
93 168
47 105
8 37
7 92
83 167
124 129
28 165
113 143
163 167
117 164
80 104
30 137
15 102
87 106
96 115
22 135
34 153
60 104
32 80
83 170
80 111
20 78
65 140
46 132
66 106
130 135
43 168
137 160
62 151
18 23
17 79
15 100
90 135
90 129
138 167
49 120
19 22
35 38
47 80
51 63
52 77
87 158
44 99
40 61
43 163
89 144
6 119
22 60
54 139
99 140
126 141
114 165
103 165
68 91
88 147
16 152
84 123
104 135
93 129
51 87
43 153
71 113
90 141
84 109
120 153
101 142
22 143
32 104
52 123
115 138
60 148
83 150
31 50
8 167
91 100
133 168
68 148
32 99
30 42
61 95
13 163
32 161
122 124
93 152
150 161
146 170
46 152
107 162
106 154
95 157
11 44
2 161
5 14
43 49
17 50
100 152
16 78
29 166
81 163
32 115
103 139
4 129
100 147
50 126
61 126
17 53
79 121
41 97
8 11
48 63
13 58
43 156
6 71
89 162
77 101
24 68
28 124
28 125
21 135
22 50
78 125
127 154
10 163
83 99
56 150
146 158
59 110
50 147
123 156
97 161
83 140
44 53
147 166
91 117
11 122
143 154
57 90
68 82
20 59
1 22
97 162
6 131
106 170
53 100
53 155
111 134
125 136
93 114
29 102
27 90
22 88
2 38
6 70
48 151
64 82
61 107
74 158
35 165
11 29
124 169
65 74
115 119
126 164
84 136
25 140
88 95
6 140
113 167
34 82
76 141
42 81
70 121
102 150
101 140
106 126
51 56
106 132
49 160
51 137
15 107
51 65
40 164
92 127
1 100
26 61
18 87
62 102
157 164
47 87
94 129
31 159
120 131
17 160
83 123
66 141
15 120
47 57
31 109
110 145
59 162
33 140
67 101
15 68
44 108
64 142
99 103
65 69
9 61
68 126
135 150
78 124
24 94
109 156
75 90
150 156
98 117
129 136
49 164
95 158
117 140
38 122
18 163
35 61
43 108
49 152
41 156
22 30
24 145
88 137
6 84
78 120
41 129
29 138
64 113
122 151
15 26
6 87
101 164
21 78
134 151
26 119
59 127
35 37
15 59
16 153
75 100
40 88
36 115
7 115
15 18
101 130
57 87
104 114
113 115
81 123
87 124
21 97
110 126
50 100
13 83
86 100
55 169
45 81
73 159
25 164
24 58
25 63
61 133
144 165
10 139
17 153
100 168
61 98
130 141
59 136
18 101
11 17
2 121
4 144
3 10
71 108
72 78
76 159
78 151
56 100
10 111
152 160
29 88
71 149
71 148
30 153
40 62
4 145
73 143
12 139
9 43
94 153
116 123
51 134
33 38
31 36
50 93
46 123
44 89
49 156
71 91
33 156
28 92
19 140
79 105
34 56
37 62
72 158
1 116
162 165
36 51
63 99
11 127
129 152
150 158
22 46
75 170
5 94
83 130
18 120
2 138
104 155
40 112
17 73
24 70
40 47
105 155
97 155
33 81
55 130
62 68
22 157
17 136
91 106
11 105
49 97
10 15
15 33
70 92
20 82
69 104
106 165
70 143
92 124
142 148
19 128
159 163
3 55
137 143
26 111
115 128
28 85
17 143
78 139
31 144
115 168
55 164
55 84
104 142
19 119
10 91
90 145
94 115
46 56
51 92
88 98
112 148
30 109
64 86
80 100
23 49
107 135
99 158
70 132
9 82
36 48
8 169
55 64
114 126
69 125
73 107
140 146
157 165
139 143
26 52
87 155
24 103
142 152
48 93
131 147
18 50
39 48
78 96
28 40
78 170
5 78
141 144
153 164
8 81
29 126
53 157
4 108
40 49
79 90
78 106
15 39
88 167
68 142
14 111
50 125
5 107
24 63
15 24
24 129
47 100
104 169
51 97
41 103
9 137
45 71
110 164
42 139
102 145
73 115
68 117
59 95
46 79
149 164
57 96
118 130
59 108
30 155
8 54
71 83
4 120
61 113
65 114
71 128
2 149
8 159
9 80
47 70
66 69
132 151
33 100
77 128
115 123
3 74
20 157
97 143
12 90
96 120
9 162
17 165
72 152
104 163
81 156
83 89
19 79
24 45
3 42
81 129
18 136
55 166
36 59
53 120
24 66
54 129
57 138
53 63
7 105
44 160
21 138
20 107
112 153
67 164
116 152
147 154
9 122
8 158
110 132
111 124
2 141
27 67
61 123
52 68
112 163
36 111
1 141
102 130
105 129
85 94
27 164
89 154
76 81
65 83
64 104
2 170
71 106
126 135
60 132
23 87
60 85
81 117
76 85
44 114
83 131
80 102
77 83
91 107
84 107
117 120
27 129
42 93
72 102
101 126
13 85
2 136
115 136
24 167
120 140
33 144
72 77
54 70
72 128
59 71
37 95
39 70
63 112
14 18
7 162
41 65
85 131
87 90
131 135
87 163
25 50
149 163
39 116
2 151
39 99
56 63
12 141
7 16
1 79
19 106
28 153
55 133
31 77
83 139
1 80
97 119
56 120
56 82
43 167
2 4
18 47
69 162
143 148
85 163
97 146
9 169
43 51
78 80
60 144
78 95
2 100
68 118
9 30
8 155
15 40
42 152
131 156
21 62
29 44
24 133
146 163
43 71
32 87
2 128
23 124
125 127
128 157
30 170
62 84
19 61
54 76
44 138
23 156
22 82
50 107
60 127
49 114
22 141
121 167
76 160
36 40
103 114
91 119
4 92
9 136
37 111
141 148
41 43
21 56
62 123
35 50
27 52
82 124
98 149
101 138
54 64
15 115
12 119
26 58
12 158
78 97
111 140
138 156
73 134
53 149
40 84
3 97
87 149
57 157
127 156
23 32
16 111
115 131
34 61
55 127
100 156
44 144
133 147
64 95
33 139
127 135
56 169
44 60
92 108
28 129
108 119
74 117
61 122
64 167
59 106
6 111
28 100
16 98
62 90
26 134
98 119
15 141
72 135
89 158
48 121
110 159
45 147
60 147
2 85
101 109
45 146
13 50
23 97
18 81
4 91
7 64
50 64
46 87
71 126
114 133
26 146
65 120
61 69
7 153
16 87
10 162
50 84
89 132
10 13
26 150
83 100
28 154
33 127
82 105
2 33
24 123
61 85
63 133
64 157
53 151
30 95
83 106
33 141
87 112
20 131
7 134
53 104
148 162
112 134
28 122
107 137
57 128
11 43
5 30
8 47
78 135
80 153
45 66
15 46
12 48
61 102
15 152
115 167
51 88
84 166
116 133
36 38
5 166
72 159
10 120
31 167
83 128
6 39
25 132
81 114
68 167
78 162
28 168
23 45
79 98
9 170
39 133
30 87
24 49
17 36
21 161
38 89
145 148
16 141
135 141
77 98
32 60
19 153
37 125
73 151
94 157
59 62
28 143
98 161
43 145
2 30
86 128
32 34
1 45
14 61
80 115
129 161
53 141
145 167
18 142
140 149
29 87
104 170
61 141
94 110
11 34
3 35
154 170
57 112
51 139
36 102
38 127
58 127
3 135
54 63
70 101
70 154
68 115
91 96
28 111
14 47
77 81
95 140
85 141
152 170
16 108
19 155
126 133
61 160
133 156
16 80
93 154
79 103
41 55
63 82
26 162
121 159
77 102
21 147
73 131
5 138
114 142
56 156
16 143
12 30
25 47
12 75
55 61
24 73
5 133
90 110
83 85
118 124
22 41
158 166
8 17
16 124
118 120
140 168
107 163
20 125
1 86
40 124
22 147
3 143
17 163
15 42
10 121
57 154
20 37
26 65
43 160
118 161
37 84
52 59
75 127
4 17
43 147
71 130
32 110
122 159
36 156
103 140
29 125
94 128
68 143
72 101
73 149
40 138
76 93
23 131
68 150
33 164
40 82
71 85
64 122
71 162
100 112
32 38
1 71
2 65
18 131
112 159
83 108
42 103
86 116
62 138
16 18
20 122
32 79
109 145
41 53
59 87
37 60
20 96
19 87
52 110
34 165
50 83
83 95
19 107
61 161
7 72
47 83
52 93
62 81
64 137
61 96
18 69
47 151
62 133
67 102
36 60
89 126
9 154
85 128
78 163
151 165
66 78
138 147
108 121
79 85
27 111
36 91
46 131
115 144
30 168
33 125
124 126
27 79
107 168
102 170
47 166
13 146
35 160
35 127
7 24
20 118
75 82
27 158
28 160
3 31
131 160
13 140
54 128
25 130
135 142
108 123
84 108
26 46
153 159
2 13
29 58
44 170
9 158
32 83
21 130
137 170
43 139
43 94
1 21
37 92
73 164
6 95
31 76
135 144
13 120
15 37
95 118
39 102
33 52
5 98
96 136
153 158
16 23
15 75
40 55
1 117
83 153
4 10
24 162
90 125
32 168
24 92
97 152
52 63
148 159
58 104
65 159
70 126
86 125
64 130
62 163
72 85
97 151
125 129
53 127
59 144
66 125
119 129
77 170
79 86
111 133
87 137
85 119
39 144
84 111
27 134
38 40
71 121
87 110
58 60
81 144
38 154
103 108
84 170
32 69
2 150
37 69
57 65
30 77
14 95
61 129
61 86
46 127
45 60
78 103
59 114
1 90
131 145
101 151
85 122
22 43
142 149
26 40
29 40
40 130
42 158
111 163
24 128
49 107
56 73
82 84
5 12
64 69
95 152
97 145
141 145
106 115
15 45
79 109
44 150
138 142
109 144
64 108
26 86
37 142
14 144
37 96
15 148
19 54
29 167
92 115
26 136
15 61
94 125
19 46
32 41
140 166
8 40
13 24
10 44
59 150
56 71
35 79
39 164
62 99
59 134
44 57
82 92
5 103
67 138
12 80
53 117
53 121
11 170
54 141
1 3
6 105
50 169
40 129
35 137
60 114
4 84
42 168
63 80
29 143
48 145
115 159
32 119
26 77
7 99
76 125
18 121
2 40
69 145
107 119
35 113
129 159
10 79
8 100
11 107
84 121
9 118
18 155
76 132
16 61
38 75
38 168
45 126
74 148
87 146
72 74
6 42
50 163
4 57
8 88
6 50
31 75
36 93
5 40
15 32
37 106
46 88
105 108
24 93
11 141
28 90
74 118
60 152
119 141
114 139
28 73
43 143
13 51
55 122
38 85
20 24
110 166
36 162
25 75
29 55
8 152
30 130
96 155
53 170
14 128
91 159
51 105
39 52
48 75
66 97
140 162
71 147
17 82
63 95
41 92
15 70
9 138
88 124
141 162
66 146
129 132
61 72
34 132
82 170
72 100
66 164
125 137
113 126
63 134
4 78
125 133
87 97
58 163
50 124
1 132
118 154
43 162
24 110
79 133
78 119
69 100
41 130
61 164
26 132
32 169
38 118
113 124
114 148
18 49
7 61
122 157
69 128
4 67
43 107
79 150
127 144
146 156
6 146
23 136
84 140
18 75
109 117
54 115
64 91
64 150
7 146
31 148
30 36
38 61
98 115
6 60
129 153
54 66
11 99
70 123
76 112
1 30
55 91
41 124
56 118
95 139
75 95
102 126
73 168
32 163
6 37
74 131
56 109
30 165
31 106
29 140
31 122
32 42
50 53
45 132
124 147
97 159
44 96
80 118
75 93
15 89
2 116
99 141
14 134
101 133
9 37
117 152
19 139
105 161
45 107
31 80
45 163
16 59
108 114
10 117
57 106
145 168
38 126
101 135
122 153
9 20
2 101
3 159
96 101
70 108
85 102
64 126
106 118
123 142
44 169
6 132
4 59
59 115
28 117
28 67
27 166
97 163
91 120
10 168
63 151
9 96
3 103
151 163
123 135
16 49
22 96
26 29
70 169
4 32
32 135
46 73
37 99
141 156
20 99
106 138
61 109
128 158
67 124
80 155
6 142
17 118
37 135
22 39
60 66
33 147
54 143
21 25
98 130
38 128
111 131
23 107
7 76
69 113
6 33
43 152
59 170
7 48
105 131
81 139
2 133
45 72
78 160
36 73
34 87
76 128
114 153
7 86
30 88
109 139
78 101
21 102
45 85
1 67
54 162
7 30
91 128
68 76
130 152
91 155
112 122
50 146
23 147
28 76
137 148
58 125
56 72
1 163
43 101
130 163
3 53
120 157
34 59
105 119
16 79
28 103
124 138
47 131
21 66
51 71
34 95
24 121
17 158
16 94
78 132
47 119
7 59
2 112
65 150
15 129
24 118
9 55
59 169
17 166
84 96
110 138
25 57
21 48
12 161
79 157
75 92
37 116
10 114
40 139
27 80
149 156
3 116
27 107
52 154
72 169
96 99
88 155
76 140
124 159
21 92
12 73
52 82
69 110
30 49
63 157
8 91
52 55
54 104
50 111
1 84
28 162
25 151
6 123
31 82
90 130
29 163
79 165
105 112
50 103
20 85
130 162
26 158
118 159
14 69
127 133
92 159
55 85
135 167
11 42
14 23
29 119
4 62
92 111
43 131
51 95
49 61
25 67
9 130
37 128
34 94
62 142
1 4
37 67
63 162
121 134
1 76
17 84
7 95
116 168
121 126
5 170
121 138
41 101
28 123
4 117
4 163
39 123
46 115
10 17
65 104
6 8
37 134
20 97
24 53
104 109
87 96
126 129
58 147
11 162
52 135
20 141
47 90
53 119
67 166
50 76
24 90
109 154
10 32
99 110
18 80
43 84
36 82
58 146
108 134
123 140
47 96
50 137
53 91
79 162
72 147
60 102
107 164
29 81
67 106
7 116
160 163
44 61
78 91
18 114
67 156
49 57
54 65
13 33
47 93
27 100
42 141
85 87
15 31
126 152
68 121
48 78
41 88
36 163
22 76
109 134
72 145
21 87
120 166
116 167
11 100
18 167
55 99
24 96
20 139
40 42
13 21
97 132
1 118
55 104
158 162
44 69
32 94
34 128
16 82
18 119
79 152
59 105
2 57
89 108
89 166
76 127
52 79
109 155
9 141
16 58
48 157
4 6
27 127
103 141
30 80
21 165
2 114
13 34
5 42
77 117
70 136
42 106
13 168
31 59
53 85
67 141
120 144
136 159
44 62
123 139
130 151
2 142
53 99
108 170
132 162
130 169
143 165
57 117
109 136
17 146
53 158
40 111
44 102
70 83
116 151
12 103
142 161
50 141
8 147
64 107
6 19
27 101
23 55
17 125
114 128
91 115
87 93
104 130
5 46
65 116
41 154
45 120
55 160
28 38
53 78
19 59
144 151
57 125
57 118
40 45
51 126
31 115
40 68
81 116
15 124
95 115
31 93
65 70
6 44
113 142
92 142
136 158
93 144
5 127
89 107
45 56
66 131
24 56
44 63
8 49
88 128
18 44
62 79
1 143
124 144
72 90
70 157
95 136
66 90
16 83
14 108
120 123
134 162
92 152
68 77
75 79
17 86
49 167
53 118
51 96
108 160
76 79
22 148
27 125
96 143
113 127
58 142
48 146
11 64
2 10
70 73
44 111
8 162
26 138
21 137
70 156
26 153
41 170
90 108
107 127
95 154
88 158
61 121
101 113
36 150
1 72
2 135
68 93
70 128
96 141
58 138
64 129
74 93
79 138
134 159
19 83
24 100
124 151
41 168
27 54
11 113
119 143
105 168
113 135
127 148
70 161
33 84
64 152
5 121
97 129
123 163
28 169
132 155
89 149
79 114
145 156
4 45
12 100
147 157
47 144
10 59
7 80
95 147
35 124
55 129
38 81
13 62
24 163
151 161
52 142
86 114
20 109
27 155
71 84
6 61
136 146
76 111
54 81
53 116
31 154
2 53
4 18
143 170
23 42
67 114
1 109
27 145
29 82
14 164
104 112
59 118
91 112
5 35
63 114
2 29
35 78
64 83
10 60
154 168
89 114
127 131
33 63
106 152
80 151
57 72
51 58
75 164
89 161
29 114
111 113
106 150
93 118
4 94
2 131
110 139
23 39
12 122
90 156
130 159
48 112
42 101
126 151
44 122
20 137
79 166
137 159
13 169
32 114
44 103
18 170
13 151
43 70
82 165
126 160
111 118
30 150
53 93
65 163
62 137
147 164
97 118
22 81
87 94
30 73
14 101
22 66
154 164
93 159
127 130
83 118
16 81
19 33
76 83
77 162
16 62
14 110
100 132
31 45
5 81
116 160
107 130
45 49
71 127
47 73
58 61
78 105
57 136
7 136
13 68
12 78
105 114
62 85
29 154
3 163
31 103
36 159
16 64
95 102
142 165
55 153
51 90
67 97
1 33
106 112
140 167
10 148
29 91
44 51
63 109
11 71
13 142
22 87
87 130
20 63
25 70
114 122
61 137
15 157
102 116
54 126
41 82
2 143
44 72
71 139
1 160
72 141
73 126
101 121
11 132
48 164
106 139
59 158
37 119
93 161
122 145
90 148
10 76
125 128
18 96
69 133
14 41
163 169
7 147
51 67
29 66
95 146
21 124
19 169
44 59
117 144
8 134
97 136
17 64
19 165
45 156
81 83
52 69
20 27
7 25
27 149
49 122
69 166
92 113
10 167
71 167
55 80
12 85
98 148
39 86
162 164
54 117
46 84
70 86
52 99
58 63
51 104
94 164
41 138
29 63
12 159
138 159
16 93
146 169
59 119
18 104
40 65
138 166
92 99
116 153
56 95
104 146
74 152
12 160
47 148
46 93
50 112
105 141
64 119
26 129
124 166
45 123
14 155
64 120
89 163
88 119
53 144
107 113
4 55
58 75
33 82
150 160
15 55
55 156
13 130
70 166
69 87
129 140
21 47
74 151
14 160
51 144
42 71
43 63
85 101
82 128
115 141
28 59
34 69
13 129
26 84
6 9
47 149
114 152
49 144
45 70
15 137
3 155
122 125
18 88
23 44
2 110
115 142
55 74
10 142
63 136
151 167
10 152
70 93
97 124
14 116
76 148
16 89
40 158
129 144
157 159
64 100
29 113
12 105
48 161
41 165
57 119
26 144
42 128
78 167
53 71
138 170
3 104
32 48
132 141
28 128
44 86
71 112
30 131
43 82
81 101
115 162
2 167
99 169
32 100
70 151
113 157
46 170
31 119
77 130
21 105
97 123
110 113
60 108
53 62
111 132
113 145
80 103
117 126
5 50
29 72
96 103
6 17
36 86
29 52
59 109
111 160
14 62
80 87
139 142
61 156
1 40
36 151
34 137
23 117
57 124
3 126
67 149
102 144
63 77
117 128
8 139
44 127
67 71
48 81
66 140
14 131
73 77
43 151
14 27
16 33
78 104
84 93
63 68
36 125
100 151
165 168
43 149
1 119
121 129
18 58
15 131
73 95
84 130
60 100
119 149
26 163
130 137
59 160
13 65
34 162
5 19
6 26
84 99
74 112
22 54
38 106
110 142
109 124
140 165
80 156
92 122
15 77
101 153
37 88
59 139
24 31
34 127
28 58
49 69
27 29
77 110
139 147
53 168
109 123
13 95
57 88
91 99
74 135
16 127
29 76
49 99
34 147
79 158
127 164
3 43
69 147
125 168
73 169
20 134
63 101
18 89
65 99
79 145
75 162
65 158
24 32
8 38
62 170
32 57
29 132
40 106
13 126
119 144
39 111
23 85
102 121
40 58
18 139
97 135
101 167
30 70
108 135
149 167
16 132
86 96
133 162
77 153
70 130
21 116
19 135
92 141
37 110
69 83
40 161
81 159
98 166
13 63
52 100
135 152
147 153
1 95
13 80
82 167
124 148
83 141
145 155
45 92
66 161
30 37
12 28
35 155
29 60
2 145
6 116
41 96
64 170
14 88
76 134
8 127
100 162
12 155
33 145
117 136
67 99
39 61
5 101
32 123
31 61
77 166
55 63
66 101
22 155
137 144
79 113
1 162
135 165
78 133
96 149
56 168
46 141
7 97
60 122
98 116
4 138
14 103
38 103
23 88
81 115
65 68
26 152
9 15
127 149
21 113
33 39
10 158
45 170
8 30
79 96
105 156
56 83
98 101
95 160
28 68
54 127
56 59
9 41
48 154
104 154
56 84
65 134
25 148
23 157
38 101
73 138
31 160
28 152
4 112
8 80
5 119
111 129
6 97
9 73
5 128
56 106
58 111
4 134
38 107
114 162
125 152
89 139
32 35
1 104
27 75
18 109
147 169
44 88
97 149
70 77
103 132
80 112
117 130
22 90
134 168
40 57
97 142
60 95
17 34
88 114
16 46
70 76
19 162
42 112
28 102
34 160
27 103
55 139
45 75
22 107
128 162
30 33
7 79
62 117
50 96
75 155
5 111
58 69
18 151
61 75
103 135
85 161
75 118
6 130
19 121
67 85
9 156
38 86
116 129
50 157
42 148
5 99
34 54
38 58
56 119
26 59
35 84
62 149
34 152
68 109
18 150
154 159
66 117
15 154
30 99
5 162
3 121
84 122
52 90
4 132
85 169
4 21
47 159
25 54
4 162
83 144
59 116
43 96
42 78
34 74
123 148
46 66
20 149
7 39
72 131
31 43
8 74
59 124
75 124
18 25
71 118
78 108
104 147
23 132
7 15
28 106
107 158
69 151
56 117
84 97
5 126
145 159
145 154
27 62
55 119
97 121
113 118
139 165
12 89
49 55
101 148
67 89
39 104
49 137
23 133
100 130
23 53
59 164
83 111
16 160
57 143
9 77
84 135
18 55
21 126
88 112
76 119
128 165
111 145
117 157
66 95
126 170
9 88
136 151
64 90
2 98
70 131
84 162
69 114
144 164
10 92
18 137
59 122
126 144
37 151
20 52
49 102
123 161
23 144
97 107
142 153
125 147
21 52
28 119
141 154
18 79
125 155
2 35
102 124
84 117
65 170
2 27
27 85
75 78
131 168
95 153
68 74
21 30
130 153
12 138
129 133
53 138
110 143
33 132
32 76
42 149
96 113
46 60
140 158
116 126
27 93
77 149
35 66
53 150
28 32
9 161
144 147
64 148
85 117
106 147
10 166
59 86
69 156
34 73
55 69
111 116
85 95
152 168
66 112
54 120
56 148
18 99
6 169
115 153
67 153
17 141
93 128
27 95
80 96
43 140
105 151
100 154
15 112
53 79
14 53
37 65
20 166
62 106
82 147
47 63
41 86
1 167
121 152
41 75
31 137
65 132
46 122
60 65
53 105
122 162
111 164
36 46
79 170
139 166
97 156
59 133
5 117
13 107
72 83
39 153
66 169
47 69
112 155
84 153
129 148
138 148
26 60
20 112
103 163
14 137
36 76
89 136
137 140
56 151
44 81
87 161
143 161
55 136
19 28
12 94
87 145
51 114
30 156
87 102
20 164
66 92
17 20
78 89
115 135
78 128
26 81
159 161
11 51
5 36
12 120
22 68
119 166
12 131
151 160
100 139
80 127
127 157
127 153
30 149
76 164
112 115
75 116
19 63
45 101
118 150
51 158
105 109
96 107
32 54
12 87
34 63
33 79
25 125
28 77
30 113
73 111
59 107
13 45
17 105
16 117
65 71
33 138
76 89
40 94
41 166
26 155
24 89
5 149
13 96
10 68
14 142
73 91
77 107
81 142
35 98
70 118
6 156
43 81
61 168
4 140
71 134
2 146
161 168
95 159
108 162
10 136
71 170
79 132
55 123
100 119
93 165
73 137
4 100
21 134
29 150
32 142
77 159
26 32
24 111
135 160
67 94
120 139
7 36
28 45
1 81
22 142
139 144
25 72
36 133
68 166
63 154
27 42
79 141
5 102
28 146
88 129
8 140
26 67
43 113
30 122
151 166
70 79
21 91
22 101
8 22
33 114
106 122
18 78
6 82
90 139
88 122
68 146
72 133
10 103
9 16
43 67
32 58
15 63
16 99
19 24
149 153
33 96
158 170
17 25
113 147
60 67
37 117
9 106
64 76
2 71
106 128
3 27
97 115
10 83
44 70
15 156
41 147
17 88
43 69
91 167
31 71
14 152
47 116
4 31
125 154
35 169
24 34
10 16
17 26
151 162
12 36
48 74
3 95
124 139
17 39
13 131
16 57
4 136
56 153
118 169
19 134
12 74
14 167
23 145
43 138
1 89
144 152
7 23
136 155
14 36
6 137
30 111
29 62
48 92
95 107
52 60
68 130
22 64
32 138
24 91
14 70
1 129
22 160
2 99
4 79
60 89
95 113
160 168
8 23
44 116
135 148
1 144
113 129
19 50
107 159
60 72
33 126
119 128
45 154
27 132
54 88
48 160
12 41
25 142
46 50
27 154
3 119
45 119
71 132
4 77
129 156
78 155
122 164
87 150
103 143
75 152
93 117
157 169
29 103
16 97
13 37
114 147
55 158
16 138
7 47
57 133
14 170
1 134
67 167
38 152
19 73
13 155
22 52
127 142
72 91
147 163
117 123
29 105
65 130
64 124
28 95
150 169
36 139
83 127
100 157
74 161
1 94
29 77
61 152
81 124
39 91
43 134
77 112
86 132
99 108
111 148
21 24
12 98
86 88
19 94
83 94
112 144
76 157
161 165
20 95
92 133
99 147
70 102
33 107
46 169
13 170
112 126
66 130
31 163
23 98
22 104
83 133
6 51
14 81
19 69
39 80
55 77
64 114
125 130
2 66
30 97
7 107
34 85
30 89
24 143
137 163
39 75
8 108
9 56
62 73
43 110
17 72
111 153
110 151
82 152
12 144
63 87
23 40
156 159
18 107
10 38
3 49
16 150
113 131
17 162
30 45
11 120
87 159
97 99
21 76
99 138
68 89
128 151
48 107
39 143
53 98
3 129
126 158
122 170
65 167
32 68
68 97
28 127
8 166
30 62
23 163
28 132
32 74
14 158
10 132
117 147
6 163
38 95
58 131
118 142
25 141
4 27
56 141
27 144
90 150
26 74
79 110
25 121
4 153
89 133
66 84
18 90
153 157
98 154
89 147
22 105
104 132
116 140
60 169
40 102
104 120
21 49
108 153
65 153
109 127
30 71
9 23
160 169
104 136
2 158
11 151
7 122
52 98
134 164
62 94
53 94
124 146
3 78
116 159
3 148
62 95
31 138
30 47
49 100
8 103
50 60
37 156
45 130
76 131
64 145
74 100
8 87
10 70
100 143
87 92
6 100
66 79
26 133
68 72
20 33
63 124
5 147
8 59
18 126
102 112
70 89
22 167
17 120
66 160
24 95
15 123
74 114
21 141
118 146
79 107
5 22
33 158
15 155
101 144
17 44
7 119
40 170
59 104
23 100
6 117
31 96
23 126
70 95
132 158
33 57
86 168
123 125
52 103
154 160
49 128
50 144
7 31
64 112
24 102
53 66
78 123
75 120
24 135
37 82
22 77
90 104
26 131
103 129
67 78
12 52
8 84
92 104
71 79
9 168
73 75
103 150
82 141
17 70
79 94
54 133
52 65
59 163
61 130
99 139
76 150
37 122
9 144
87 143
80 149
100 155
23 29
37 94
58 115
55 92
96 161
35 147
48 77
28 86
48 135
55 161
113 117
17 56
89 102
84 90
17 69
100 137
21 40
19 120
103 109
11 146
73 81
106 156
5 56
80 94
73 130
43 56
21 136
22 93
79 167
22 111
54 124
115 157
24 144
59 85
115 164
121 125
10 143
27 73
105 115
9 98
39 76
72 93
134 146
7 93
13 101
52 159
90 100
32 125
41 127
131 144
59 132
101 157
29 37
62 118
10 72
77 115
88 135
94 109
58 161
7 73
113 141
59 149
50 115
128 152
6 73
1 13
52 136
83 137
78 164
153 163
74 83
77 90
2 115
49 124
45 83
8 106
50 85
46 113
82 95
48 59
54 145
36 120
74 94
87 153
80 113
141 170
40 104
22 31
55 152
112 136
54 105
102 119
6 30
87 142
33 134
30 139
84 88
2 76
41 99
27 102
97 147
67 151
52 73
127 162
106 133
37 159
27 48
26 38
166 170
57 98
7 103
52 156
53 114
25 122
100 102
31 110
23 94
18 71
60 76
43 66
78 138
111 166
32 143
60 167
85 110
4 51
16 70
11 78
12 39
54 147
126 156
69 102
84 86
34 78
46 128
87 131
9 111
89 164
40 142
29 122
52 157
58 97
30 161
49 79
10 144
144 161
31 54
9 27
5 125
12 82
1 169
58 135
115 152
136 149
33 88
76 121
76 94
21 115
3 60
25 124
104 141
30 127
74 122
125 148
79 122
46 86
4 24
7 117
85 120
100 138
113 168
7 96
65 85
110 168
36 109
6 14
32 37
37 169
22 72
13 112
65 100
122 168
33 121
86 157
67 160
43 132
151 158
98 145
48 110
96 100
66 158
117 153
14 157
5 141
49 108
31 125
16 71
3 96
4 122
31 141
6 92
159 165
51 70
21 159
109 141
89 97
70 99
7 82
1 53
8 64
87 126
35 125
140 150
74 102
93 124
70 170
112 151
52 58
28 60
3 120
28 33
9 39
19 41
52 164
1 131
128 147
8 105
32 40
21 164
108 137
42 66
94 117
25 77
53 142
28 170
45 88
86 93
56 78
108 115
41 157
39 84
124 152
32 144
95 161
86 143
24 82
55 126
46 135
86 98
18 102
74 136
9 131
3 39
53 145
101 107
124 142
21 100
55 97
5 53
68 86
5 73
97 139
47 162
20 65
70 104
110 124
93 101
154 161
38 119
6 128
99 150
3 66
19 98
125 165
94 130
62 126
32 109
96 147
63 169
116 131
9 159
26 95
48 129
2 56
81 120
83 109
20 124
53 61
66 159
98 131
108 118
8 109
83 157
41 64
17 80
61 132
58 144
5 165
62 111
75 157
10 64
67 108
32 78
25 137
9 102
32 55
56 126
127 145
111 162
41 77
15 48
58 67
4 26
152 164
4 149
105 137
60 123
18 100
141 159
85 113
11 136
9 53
47 168
36 108
15 62
65 119
11 37
6 150
66 168
65 143
76 126
102 129
17 92
45 133
113 132
101 145
60 71
112 170
59 145
26 62
22 115
24 107
28 52
108 125
8 107
29 121
52 84
99 101
140 159
122 152
1 29
12 150
54 94
113 120
42 45
10 25
4 69
4 121
132 156
50 79
114 150
22 49
86 119
26 166
32 81
82 103
58 114
6 154
15 57
76 115
116 166
28 49
92 162
47 49
11 68
62 76
35 170
53 67
64 84
107 154
77 79
17 150
35 150
34 166
40 85
40 152
90 97
30 32
7 142
43 47
116 154
34 112
22 103
48 153
38 104
81 132
82 118
30 152
131 141
10 73
28 64
26 123
54 156
41 148
68 102
72 79
46 167
20 48
85 99
49 77
108 117
73 124
2 129
76 87
72 113
1 135
50 98
38 84
34 49
42 54
107 150
51 66
18 66
76 156
21 149
107 144
29 107
5 62
10 145
59 96
19 125
110 147
25 106
12 129
3 25
72 127
131 170
100 124
67 98
71 125
11 118
42 120
34 156
33 92
51 61
43 124
2 148
120 152
23 150
97 154
76 106
92 168
22 86
65 136
9 49
46 100
120 146
16 43
2 39
36 90
46 55
98 109
65 111
111 152
48 73
6 27
91 157
32 170
48 55
15 97
19 96
24 57
132 142
5 156
30 78
32 67
20 114
34 65
69 117
8 32
68 81
59 155
103 151
100 153
33 169
6 59
49 70
117 119
98 152
77 140
41 83
10 29
6 155
14 99
9 40
110 119
76 169
116 142
21 168
24 149
44 155
8 53
38 140
5 159
8 34
23 43
78 81
86 107
44 130
109 161
53 76
11 18
88 97
96 139
3 77
99 160
11 38
111 157
81 153
97 114
88 149
33 60
2 68
4 37
107 157
44 154
21 153
2 80
60 165
36 107
24 65
41 142
160 167
146 166
89 148
52 71
8 135
61 105
68 137
18 147
15 146
35 120
62 67
51 163
48 168
30 43
69 82
56 138
98 165
55 149
18 92
61 169
25 79
76 104
85 109
55 81
54 69
100 113
38 116
63 128
67 133
61 89
73 160
65 103
47 59
24 88
62 108
50 132
3 44
131 154
107 141
69 116
104 128
8 51
27 163
24 124
29 139
23 46
5 95
60 143
63 144
10 112
68 96
44 84
26 139
22 100
54 144
131 153
58 96
106 110
48 62
95 163
152 157
80 119
81 162
8 76
72 130
91 123
54 137
108 165
80 117
48 120
22 163
26 96
48 169
77 148
99 129
34 115
24 105
34 38
62 77
60 117
31 87
15 168
83 124
51 119
34 46
143 160
49 101
44 58
18 127
27 159
131 165
63 96
37 47
87 103
156 158
4 44
23 28
8 65
26 70
73 103
37 140
20 88
11 126
57 111
12 132
54 90
32 77
29 93
13 91
40 53
4 86
127 161
27 68
56 128
33 86
58 164
38 44
3 142
53 159
29 160
61 92
31 67
64 123
15 130
95 130
40 64
41 112
118 134
6 96
64 165
109 132
43 68
7 44
25 135
108 169
10 61
21 70
63 78
166 169
34 106
69 99
24 117
46 109
92 123
5 37
94 99
20 79
7 109
10 108
10 146
81 89
26 130
82 120
5 168
68 164
18 162
24 132
7 32
25 109
61 136
90 121
1 73
144 148
102 168
91 142
134 137
33 161
12 19
10 30
145 170
5 152
149 152
68 134
119 155
128 131
47 130
4 146
66 109
103 127
37 77
14 52
149 159
17 149
11 90
17 169
150 163
95 97
31 38
26 69
81 109
136 145
80 121
73 127
94 158
143 159
68 158
109 149
47 136
129 155
4 137
63 130
9 69
28 41
95 144
81 110
51 130
10 36
70 80
49 89
23 148
45 136
37 51
77 80
3 140
34 143
28 114
116 120
67 82
31 107
44 162
21 77
19 123
82 113
15 44
81 99
32 160
19 108
104 139
33 99
56 62
102 165
133 154
60 70
44 123
84 165
42 150
18 22
3 14
39 140
21 80
42 47
126 145
7 28
145 151
17 100
6 168
16 133
148 161
87 100
37 40
97 133
126 163
40 67
33 115
29 136
98 139
52 119
91 122
129 146
93 131
29 48
39 68
17 106
62 130
51 86
17 151
52 106
104 118
11 129
27 77
16 130
80 109
115 156
71 88
16 25
35 70
2 70
31 56
32 146
46 130
98 137
93 100
119 151
83 125
32 126
63 100
20 57
49 142
133 141
83 92
79 89
139 146
13 46
6 124
56 64
93 143
114 154
34 157
5 77
42 159
105 157
20 135
10 159
113 133
66 71
43 120
58 160
100 129
41 98
90 107
77 114
27 40
55 124
34 126
57 70
6 40
135 138
43 92
49 169
106 144
129 143
36 142
6 133
75 94
5 51
103 130
23 125
31 63
54 138
68 128
57 94
20 32
86 111
51 157
14 114
50 127
5 61
64 77
64 98
18 140
45 134
84 106
115 155
58 73
132 160
48 95
52 118
11 119
137 142
45 78
9 22
3 170
66 113
13 141
49 82
42 88
11 110
76 118
15 127
35 131
115 166
6 76
55 68
63 126
29 148
5 34
25 163
51 77
30 144
109 135
43 60
100 146
37 63
90 138
13 133
81 100
35 106
23 89
120 159
49 68
45 166
96 131
23 96
60 129
2 140
10 164
52 94
70 115
12 166
21 26
34 136
44 143
51 150
16 122
21 82
39 126
5 44
87 118
48 155
36 66
153 170
18 148
117 162
107 132
74 140
52 104
16 125
11 152
103 144
49 129
10 154
14 106
36 158
29 147
53 146
92 138
20 43
6 80
49 52
21 27
39 100
5 160
10 18
27 69
129 150
21 67
39 69
68 169
16 96
28 63
125 150
31 124
90 102
39 160
24 104
15 60
47 91
15 58
100 163
132 139
33 152
3 80
53 132
39 46
6 29
104 166
37 101
76 161
98 108
55 157
159 168
40 90
9 59
67 116
54 68
62 156
40 97
116 165
31 170
66 81
87 119
39 141
113 123
74 144
52 86
33 162
138 151
72 138
53 86
133 148
160 164
23 37
95 162
44 113
71 153
72 97
77 91
83 164
44 49
37 83
22 32
96 124
58 89
46 78
16 24
93 116
35 129
45 158
39 163
8 164
120 122
31 140
84 95
119 154
80 92
46 81
43 85
21 35
154 165
38 115
12 110
91 147
24 134
31 116
72 109
13 98
20 25
42 83
39 67
45 110
139 153
30 158
55 102
55 71
52 125
45 105
1 91
80 168
86 142
124 136
77 124
144 159
35 76
122 158
32 101
59 140
60 156
142 166
25 107
23 139
59 73
78 115
65 144
59 135
29 64
61 170
1 140
3 110
60 74
17 87
8 137
160 165
16 65
67 168
19 32
56 103
93 134
130 154
60 81
16 161
36 101
33 153
99 123
90 153
84 161
82 123
64 153
64 128
92 98
55 94
33 123
9 84
21 60
12 47
2 23
98 168
91 152
31 149
86 127
52 87
23 101
76 158
125 142
86 138
78 82
133 158
81 91
93 138
40 43
24 74
22 118
9 92
100 169
116 156
52 152
82 125
35 161
10 88
83 138
84 148
38 137
94 121
29 108
18 56
4 80
73 119
69 170
8 149
144 154
47 94
30 35
59 113
37 55
155 158
23 72
88 166
29 59
23 122
11 36
71 114
51 168
40 133
79 99
125 158
30 94
22 154
132 144
74 134
54 56
17 148
14 46
87 144
56 155
22 26
33 89
134 136
42 107
9 35
26 157
47 154
58 84
33 91
98 127
14 26
115 133
125 161
45 128
32 89
1 47
103 136
130 138
16 131
54 122
109 162
77 123
107 165
16 146
99 122
18 62
64 149
84 115
17 95
62 65
93 107
83 116
40 66
7 166
3 114
8 14
47 132
13 117
7 101
39 82
167 169
128 136
70 116
74 154
165 169
6 129
118 153
134 170
28 144
84 104
9 143
1 64
57 135
92 156
153 169
86 161
28 50
26 109
4 158
17 99
137 154
57 84
102 152
34 47
38 46
40 101
61 80
75 125
75 113
108 156
52 72
44 165
23 81
39 79
57 155
40 52
3 85
51 55
73 147
88 151
16 154
61 115
37 155
149 166
58 165
86 151
27 97
35 71
51 100
4 60
117 133
65 137
43 170
20 73
11 27
29 61
34 57
30 83
66 105
10 23
41 44
78 118
14 31
13 165
64 131
11 80
8 116
3 136
116 132
27 121
26 39
45 98
6 36
74 108
125 167
11 89
54 109
165 170
107 114
35 48
56 144
5 115
28 54
20 136
34 131
113 130
11 58
21 158
15 169
77 113
110 130
103 119
108 146
63 163
44 55
68 127
17 129
93 157
32 113
31 86
34 100
35 126
8 131
45 116
95 122
88 132
97 169
91 104
16 91
148 170
20 44
2 144
4 141
4 90
36 81
32 148
83 156
36 74
16 72
46 164
45 68
38 164
120 137
121 164
92 140
53 147
28 71
81 147
5 85
99 154
44 77
99 113
61 154
48 147
96 150
2 25
48 158
58 113
71 100
87 111
3 30
100 104
9 64
58 105
28 167
152 165
139 151
7 170
30 134
22 146
8 72
50 167
10 150
73 82
95 133
53 60
46 163
149 162
52 140
144 170
94 106
67 131
41 169
120 162
134 169
32 128
29 79
12 35
1 138
5 59
16 52
77 168
138 150
80 101
64 125
12 106
49 153
4 89
64 101
47 164
87 151
103 138
68 152
8 136
39 159
4 93
44 129
61 118
55 141
138 140
100 165
76 84
10 129
66 85
31 89
58 122
62 121
110 134
25 153
36 121
104 127
63 107
69 93
36 50
62 100
26 126
86 102
1 137
55 107
49 63
113 125
80 91
46 159
80 89
34 68
122 146
2 63
110 120
58 154
107 160
31 157
32 45
20 72
21 31
73 116
43 165
71 158
82 116
8 117
18 98
104 113
38 166
71 75
15 67
91 139
109 151
14 76
3 152
58 149
31 57
51 148
41 152
49 85
80 157
101 170
4 38
7 114
35 75
24 156
67 140
66 133
44 75
131 137
49 143
108 111
7 43
76 149
68 92
19 167
51 146
37 131
23 153
10 41
149 154
79 140
51 145
27 74
73 140
22 140
13 94
28 31
32 133
76 101
21 75
49 148
61 101
42 126
31 155
75 142
36 153
112 165
35 141
124 164
57 75
142 145
49 145
67 79
66 115
71 133
5 80
136 163
102 158
143 157
99 104
12 20
70 160
153 160
35 69
21 36
17 159
97 160
105 116
95 125
66 76
95 106
9 86
41 78
101 147
23 95
42 161
73 106
97 103
51 156
9 67
10 135
31 37
32 108
14 22
4 46
13 66
32 98
50 160
79 129
63 113
10 52
23 57
137 141
75 133
71 151
20 86
68 110
135 164
58 93
69 112
46 106
3 106
41 161
69 122
13 150
27 135
129 131
78 85
5 109
49 138
125 135
57 73
45 139
102 131
160 170
63 108
45 113
115 124
10 84
7 164
2 126
6 81
107 115
3 101
55 111
21 38
62 70
33 42
19 37
26 51
16 156
45 77
35 102
130 145
7 13
12 45
91 118
114 166
42 56
32 70
28 57
50 59
34 139
62 135
80 125
45 54
10 127
34 170
77 169
36 116
41 116
16 147
24 151
86 149
12 157
85 126
3 168
38 134
82 117
41 70
124 170
69 146
32 61
99 124
64 115
31 123
104 150
14 51
117 151
140 142
105 111
100 133
8 92
36 62
131 151
32 93
25 115
77 129
31 51
55 131
12 167
68 78
11 125
36 58
29 53
56 74
43 104
40 163
46 140
74 115
23 61
31 135
28 61
11 116
9 164
21 81
13 156
36 167
34 93
116 137
45 135
82 138
108 147
15 50
45 114
31 88
102 113
61 116
48 124
57 103
29 65
45 160
17 89
30 58
54 140
2 78
13 59
41 106
2 95
55 100
54 82
3 127
5 55
37 137
78 109
38 121
37 48
13 43
35 77
98 132
117 137
65 122
12 92
82 145
74 137
21 58
8 111
106 113
20 156
50 70
144 149
119 132
62 115
69 105
90 117
20 29
2 58
20 168
29 74
110 158
15 161
98 156
6 65
27 36
144 155
43 142
49 92
105 160
33 143
64 87
132 166
97 111
117 148
25 93
35 51
69 148
15 134
11 97
7 126
10 58
121 139
21 122
32 39
33 72
110 154
7 70
93 102
66 143
116 158
2 46
9 70
119 122
21 42
32 106
73 139
45 111
17 52
32 136
138 153
47 133
30 116
3 32
33 95
2 102
64 117
150 164
63 149
50 164
31 132
55 76
27 44
54 157
52 139
59 120
73 166
28 51
45 157
31 169
140 143
124 149
40 116
120 133
42 146
27 119
90 134
79 95
55 110
27 133
55 144
57 107
97 127
15 159
8 133
21 163
53 166
3 83
29 92
118 140
55 116
147 168
6 53
13 105
81 136
40 79
79 117
48 101
78 168
100 159
54 102
82 89
10 26
103 126
55 70
110 144
126 128
145 166
50 75
23 142
164 170
66 127
25 129
62 64
26 100
48 61
5 26
54 59
29 90
15 94
77 82
48 57
19 168
91 102
14 80
61 163
68 106
53 101
7 66
50 101
91 127
12 146
34 96
16 120
15 103
64 139
23 63
86 91
9 115
12 24
1 23
75 169
4 34
73 96
95 114
86 153
88 142
45 67
104 159
109 118
64 102
89 160
61 120
61 111
63 117
37 81
14 96
1 120
50 131
89 128
44 56
88 153
50 119
26 159
87 128
39 156
142 159
33 35
52 108
114 123
10 85
119 158
24 161
101 165
57 78
10 27
12 60
43 45
58 169
28 78
6 46
9 34
47 89
81 149
8 115
16 42
26 83
16 168
144 146
46 75
97 137
85 125
20 61
41 163
9 81
71 80
28 39
28 55
13 81
78 90
69 90
10 104
98 107
90 154
18 117
58 81
10 35
136 139
11 114
85 142
49 56
26 151
47 158
21 148
2 43
9 113
81 160
134 143
44 90
90 98
74 113
5 45
46 77
62 75
47 169
43 52
75 149
150 157
137 168
97 122
50 77
59 125
134 167
36 166
138 141
61 157
89 165
5 118
72 156
65 93
87 157
19 53
38 62
9 28
127 146
30 159
30 76
71 152
113 163
91 132
109 146
84 149
81 121
46 104
23 166
78 146
19 144
80 120
101 150
67 130
38 57
37 44
66 72
74 163
98 124
57 86
94 134
2 59
32 95
52 95
88 115
125 146
122 137
112 145
23 77
7 100
15 138
124 160
95 111
63 93
63 119
14 147
14 91
22 55
99 142
58 92
97 110
40 167
17 155
37 161
111 128
5 23
70 109
85 140
41 134
98 150
39 151
122 130
49 158
20 120
106 130
117 155
77 133
60 112
18 28
38 50
119 134
109 130
56 80
106 143
136 165
79 159
12 38
62 159
5 105
11 164
135 157
73 148
77 147
7 129
19 77
72 137
43 98
6 11
3 29
7 152
12 34
82 148
67 157
44 105
147 158
109 157
36 77
116 122
4 154
158 168
130 136
39 50
86 101
19 151
29 101
6 167
98 163
131 142
11 72
1 69
87 135
14 165
24 139
79 82
22 61
20 119
16 105
48 87
2 124
125 163
61 99
47 109
136 147
35 145
85 145
71 90
85 156
62 144
18 149
39 107
71 96
24 165
47 60
27 126
96 157
101 137
53 84
133 163
56 164
9 125
77 95
12 31
15 90
50 63
86 156
72 151
5 17
52 121
19 110
17 138
52 56
108 113
74 126
51 115
11 148
125 138
54 97
24 158
10 31
37 42
108 140
59 131
45 161
19 82
30 117
6 138
58 77
47 97
18 144
12 42
53 110
25 36
5 110
93 137
34 113
105 134
85 108
83 152
13 79
111 121
133 161
64 110
31 83
117 165
79 153
27 105
6 110
38 64
65 135
19 100
108 168
38 72
41 139
31 121
89 91
47 55
67 148
48 114
82 139
146 152
26 53
41 59
7 53
45 47
22 42
21 65
49 165
13 157
48 108
16 100
94 105
14 30
78 148
27 37
6 122
29 127
36 57
47 120
74 147
52 130
94 98
22 94
162 169
107 139
55 125
1 37
68 95
8 63
17 124
51 122
7 111
37 113
21 32
37 50
138 154
10 157
12 101
58 68
126 130
10 62
47 126
57 115
91 114
53 123
30 40
50 58
141 164
19 113
41 155
78 153
60 105
102 133
35 139
8 157
9 79
84 113
12 117
71 119
14 50
3 151
127 167
74 127
145 153
8 70
13 114
2 67
119 157
24 42
82 156
80 159
82 142
129 169
117 169
7 85
65 164
13 88
13 100
45 131
81 161
15 163
57 95
74 82
30 91
50 158
42 63
142 147
102 156
115 145
30 164
5 38
19 68
154 169
33 69
91 113
33 90
6 113
80 161
84 120
102 155
127 138
81 118
50 65
29 96
37 59
34 135
31 153
63 103
111 127
73 156
25 32
94 143
7 140
22 78
11 160
14 39
59 79
56 86
65 169
103 153
5 144
29 39
100 105
73 154
107 166
23 111
21 73
27 32
9 108
9 48
15 145
102 147
18 157
61 83
46 136
94 120
25 43
49 66
52 89
6 158
123 150
28 138
95 164
6 126
129 137
1 105
64 99
20 58
23 168
6 118
18 97
114 132
3 75
81 134
78 121
6 25
107 129
79 142
44 64
85 158
3 162
4 13
43 141
62 129
14 148
43 105
19 160
56 90
31 118
14 65
18 113
107 143
73 163
68 161
31 64
70 98
84 158
72 134
12 113
22 132
74 165
33 80
27 104
17 110
26 43
20 101
132 148
44 128
36 63
61 149
7 118
14 127
47 75
43 48
4 63
41 66
56 75
51 89
3 5
121 168
42 98
112 119
34 104
83 117
83 113
6 120
122 134
70 90
3 6
38 159
141 163
50 52
91 93
54 80
102 122
81 169
7 98
53 131
9 66
69 130
82 159
55 143
27 86
73 98
131 161
3 17
25 134
99 119
73 129
60 146
2 168
15 139
105 130
12 142
88 161
6 160
73 104
9 109
138 165
105 152
127 151
68 153
10 66
5 68
44 164
50 161
10 49
39 78
44 82
89 123
149 151
96 128
43 130
73 85
10 93
109 131
38 68
63 69
43 87
38 51
86 147
105 133
86 137
147 159
11 150
7 157
114 136
45 65
122 155
74 160
82 137
125 157
51 116
8 99
136 156
44 67
15 56
115 120
44 141
133 155
100 108
52 75
84 91
2 41
41 149
94 148
135 149
43 53
26 92
17 168
131 139
115 118
82 140
21 41
101 112
21 71
86 123
137 149
50 108
80 122
82 129
147 165
139 145
34 159
47 157
58 107
96 102
52 127
7 11
20 170
10 119
146 164
24 43
104 167
130 149
27 169
123 153
25 116
70 119
61 146
28 112
15 92
57 139
83 166
34 62
10 128
75 143
130 156
12 33
46 85
48 131
114 121
130 146
17 145
133 170
102 140
76 143
17 48
59 157
82 134
112 142
104 153
34 75
20 40
60 124
132 152
76 145
103 155
13 71
40 159
120 126
10 24
100 140
25 45
23 66
143 166
60 98
86 146
7 113
25 74
25 59
87 113
64 94
68 113
32 158
23 159
49 58
34 101
11 95
8 125
20 62
55 138
89 150
110 118
2 7
115 121
57 149
21 104
17 77
119 145
3 26
122 135
138 160
65 161
57 102
2 88
8 94
17 38
48 148
28 110
70 165
29 50
22 35
11 14
19 47
46 105
65 110
1 26
36 56
21 133
122 138
90 103
102 105
38 43
6 47
2 31
19 126
47 67
31 35
66 73
7 78
35 115
87 99
1 42
33 36
25 39
13 104
18 76
10 137
124 133
89 96
20 117
98 164
61 67
3 156
105 122
77 125
8 52
11 123
92 102
95 170
101 132
30 90
97 153
4 56
15 30
106 129
79 126
8 55
48 65
116 157
54 72
77 97
105 142
42 86
29 94
17 90
45 127
17 63
30 92
25 166
12 162
58 98
35 56
56 60
22 158
79 136
104 119
70 162
130 148
9 26
48 106
77 99
3 36
98 125
68 107
13 161
61 125
95 143
46 90
2 105
20 130
46 134
45 151
21 55
98 169
99 153
78 134
134 148
112 168
61 81
38 54
51 169
135 140
23 27
56 93
18 169
46 67
72 155
76 105
1 8
50 113
5 75
112 121
117 159
149 160
69 118
85 132
88 94
49 117
104 111
12 130
110 146
93 119
81 111
11 130
35 166
58 86
57 99
13 86
29 68
147 162
7 55
68 103
111 137
135 145
11 82
22 121
41 46
19 86
24 166
9 116
1 63
49 141
113 139
8 89
136 157
22 38
37 102
70 110
55 148
108 128
19 132
25 111
74 88
116 148
96 122
82 166
26 68
12 133
25 145
109 159
31 117
11 156
52 62
75 145
7 133
30 79
19 150
57 165
35 46
86 105
63 74
97 148
11 30
136 160
73 102
27 117
38 163
41 159
114 138
20 81
27 143
81 102
100 107
66 120
40 128
9 89
25 139
46 147
15 43
120 149
31 53
110 129
77 141
107 148
136 162
93 153
69 89
61 104
75 128
74 124
140 164
62 134
80 128
61 131
44 66
23 65
107 116
133 139
83 104
16 134
11 108
24 61
38 42
151 153
4 74
105 138
47 140
37 157
70 111
162 167
86 117
10 50
79 87
99 131
60 80
65 142
4 110
24 54
39 137
64 92
81 150
15 73
74 77
150 168
17 139
73 110
12 21
17 32
95 156
128 134
54 135
79 112
79 143
35 123
88 152
21 143
84 110
67 74
126 143
5 49
53 153
45 84
19 38
71 163
129 160
78 161
22 79
7 56
122 140
41 102
101 104
1 68
36 104
60 93
120 155
17 21
86 150
71 142
43 50
60 159
31 168
106 168
66 116
60 158
41 132
73 158
97 134
59 98
128 154
19 81
123 159
119 160
9 126
28 56
126 155
74 103
89 127
10 130
7 14
150 166
76 165
1 61
2 50
46 117
133 138
109 114
50 129
89 146
31 111
73 105
25 143
30 68
16 76
91 103
55 57
8 170
119 161
84 103
40 119
6 112
31 47
40 115
70 135
76 133
35 86
3 13
14 55
10 99
102 167
22 119
109 112
69 144
13 134
47 125
55 134
17 28
59 97
29 35
108 152
24 79
13 166
49 74
77 100
5 76
146 160
168 170
37 165
97 112
42 169
9 112
111 161
41 137
25 80
23 118
18 35
108 129
109 121
4 82
66 88
60 96
67 137
28 79
24 142
140 160
21 151
22 125
58 168
133 153
1 55
26 97
24 99
36 170
36 72
105 123
104 152
51 98
109 152
55 66
1 124
6 16
141 155
138 149
94 126
41 158
61 64
10 96
122 133
49 149
111 170
48 156
95 155
9 36
13 102
57 63
109 119
73 120
121 150
44 120
38 92
73 108
24 140
5 106
58 110
22 75
6 151
6 58
59 123
39 96
59 90
58 167
98 100
20 51
103 118
23 59
14 40
26 98
61 94
43 161
38 129
16 19
32 134
73 141
35 167
94 102
72 146
48 56
62 86
103 160
82 157
43 129
94 123
39 127
69 109
84 94
120 161
107 155
82 161
55 135
5 161
50 90
111 138
25 101
63 92
90 122
48 109
7 54
3 8
23 36
17 83
26 87
8 132
13 61
12 37
13 20
3 165
60 75
56 157
80 108
24 112
5 47
61 138
116 149
119 136
56 107
43 54
78 141
4 133
67 144
5 15
5 157
65 87
3 144
105 135
119 138
86 112
15 86
85 155
34 134
47 155
87 108
86 163
98 160
7 49
11 23
28 66
67 112
13 29
136 169
43 114
9 152
46 62
80 105
39 112
42 104
68 123
11 47
115 147
5 65
136 164
38 132
52 61
64 85
75 123
44 78
75 139
155 161
111 156
88 105
82 100
15 83
38 79
60 150
71 86
75 107
11 101
52 143
37 163
3 146
7 40
14 107
5 155
25 41
69 159
7 34
14 83
48 116
60 94
23 162
53 126
141 157
22 69
45 59
28 163
12 81
52 83
42 108
9 68
2 119
58 129
2 94
94 170
48 163
118 156
125 162
60 82
27 106
26 71
90 159
62 155
44 133
41 108
2 37
1 126
67 165
9 142
8 161
60 77
45 117
2 147
58 159
26 72
1 38
98 112
5 142
14 129
143 145
31 120
37 136
42 170
33 128
118 164
42 87
23 91
57 123
13 125
48 83
100 121
62 132
156 162
33 105
20 70
125 132
119 150
2 22
30 163
5 66
127 137
56 167
2 166
114 120
128 149
118 122
42 127
53 125
38 165
66 155
88 154
45 144
29 97
20 151
85 88
123 143
39 74
142 169
108 138
19 84
15 160
50 86
21 84
49 54
46 65
66 82
54 142
35 60
42 69
22 59
70 114
42 65
42 165
110 112
42 72
33 170
59 159
46 72
67 80
117 163
4 54
30 104
59 68
