100 4012
61 85
52 64
7 21
25 59
2 69
37 77
2 65
63 70
31 50
84 87
8 10
18 32
45 52
5 63
64 75
19 97
61 98
26 90
50 65
88 100
32 34
90 96
67 70
24 89
13 82
86 96
38 79
23 41
83 92
38 74
61 93
4 29
14 61
13 43
51 54
42 61
15 43
61 95
23 76
19 43
12 43
40 74
19 26
27 72
6 9
22 83
53 79
66 75
34 84
77 85
76 86
34 90
58 79
32 64
26 39
1 57
60 100
9 79
28 66
68 86
40 44
56 90
39 84
1 9
14 78
3 16
28 32
30 95
36 46
86 93
85 92
9 97
90 98
20 34
20 57
10 92
28 50
21 33
18 94
4 100
6 80
36 38
18 55
6 32
22 26
4 97
72 93
7 33
41 93
51 86
33 92
23 89
5 15
50 73
17 62
27 93
44 54
26 89
62 85
54 64
10 26
39 50
3 35
12 66
13 72
39 64
56 94
6 94
3 51
14 77
55 99
20 77
16 67
54 76
22 96
36 63
6 18
10 44
47 53
22 99
74 78
54 99
24 62
41 95
17 90
40 90
68 79
9 98
10 67
50 82
71 89
60 75
8 87
35 82
26 82
23 50
69 71
37 42
56 81
62 78
41 57
50 92
10 17
29 39
79 85
68 96
42 50
60 93
59 95
11 81
11 42
3 44
13 57
6 83
31 91
67 74
23 55
83 99
21 24
4 72
12 70
49 76
1 11
25 84
22 32
9 56
33 61
17 46
32 84
13 16
73 86
57 60
51 82
11 15
31 60
1 48
6 29
66 92
73 91
32 58
18 81
30 79
17 48
17 49
3 24
5 50
1 71
70 93
8 24
19 80
46 87
56 84
18 24
34 37
9 72
24 31
9 36
32 46
25 85
63 95
32 71
42 64
31 37
7 93
40 76
23 59
24 76
69 84
12 81
56 63
58 66
12 98
45 50
31 57
25 57
1 97
53 69
72 91
31 90
68 73
61 66
13 81
56 74
88 94
25 68
7 79
70 74
53 89
53 94
3 71
2 58
77 82
15 59
16 92
86 99
30 67
48 91
27 38
3 93
86 98
37 67
5 44
23 28
40 47
14 45
40 55
33 56
43 73
42 83
7 17
11 77
10 75
1 93
84 89
71 93
2 24
72 94
29 59
16 28
29 97
15 98
84 92
23 80
15 25
71 81
8 60
49 94
25 58
46 92
6 77
1 55
11 57
10 68
4 46
33 38
39 48
36 45
1 23
4 91
22 41
58 94
39 59
79 86
13 65
5 40
55 61
1 60
10 63
77 93
48 83
10 82
15 66
21 46
18 99
67 80
20 32
24 81
17 53
46 88
48 79
3 39
9 54
3 36
33 81
47 76
20 61
1 15
16 48
15 74
2 13
56 98
22 29
13 76
9 39
40 95
33 83
37 65
72 99
66 100
8 35
2 85
20 26
3 8
59 62
23 81
90 97
44 53
34 52
32 99
49 71
60 86
8 16
55 75
7 22
32 67
54 94
28 71
33 95
62 73
42 80
52 68
39 55
43 82
55 93
72 85
23 48
81 89
4 89
2 43
34 85
28 78
31 78
12 46
15 85
28 88
20 90
59 75
50 89
5 99
4 25
32 45
11 83
27 74
46 82
46 57
13 83
57 99
40 78
20 65
36 57
7 65
58 86
49 88
10 46
74 81
29 87
30 53
37 64
39 85
44 51
39 61
81 83
15 26
38 51
79 84
19 53
85 90
3 41
7 69
14 19
32 90
9 87
13 34
78 82
20 96
42 66
14 17
84 96
68 75
19 51
47 60
23 98
63 85
19 73
35 86
35 77
25 50
9 19
40 92
76 80
34 61
24 57
21 74
26 66
50 74
54 56
32 79
12 56
20 100
36 49
21 66
1 87
18 50
32 94
56 99
23 90
2 66
22 61
73 88
18 48
26 85
39 57
34 62
17 79
85 98
67 97
25 99
51 91
36 42
61 81
9 67
26 91
9 46
16 76
13 35
7 70
53 100
18 33
56 93
56 66
71 73
91 100
5 81
19 64
23 83
1 4
42 72
15 87
10 96
84 93
20 59
10 28
20 62
68 93
57 71
6 13
26 70
59 73
41 73
21 94
69 81
16 44
91 94
14 80
63 65
33 76
33 89
56 68
19 36
35 48
75 95
1 98
58 63
32 85
38 88
12 44
68 78
28 100
15 75
2 77
52 86
37 92
3 62
21 99
23 96
45 70
50 97
35 67
37 61
67 90
32 36
4 71
36 41
64 69
18 82
70 95
1 33
8 21
55 76
42 48
19 76
35 73
41 53
65 86
9 38
73 100
51 61
21 89
12 45
20 71
16 96
29 55
11 14
51 65
8 83
18 42
45 81
31 66
18 74
8 25
11 100
7 84
24 67
52 83
51 79
58 65
73 93
45 64
26 29
61 64
18 36
85 100
3 75
47 79
34 55
12 30
71 76
54 62
3 34
10 81
68 95
8 29
51 85
16 20
38 45
42 44
47 62
26 28
39 54
34 89
19 99
19 55
4 33
14 86
52 54
10 54
68 70
59 87
45 93
38 54
3 54
65 99
46 76
67 72
10 79
15 34
2 37
60 83
37 55
49 78
23 92
36 65
63 88
58 89
30 62
54 73
10 12
28 36
1 53
81 86
53 96
8 22
45 95
60 92
69 92
56 70
57 80
63 77
1 75
24 58
2 70
18 53
87 99
26 96
31 44
46 56
79 95
4 87
9 73
21 85
21 30
3 14
15 23
20 84
61 63
34 47
37 99
19 89
48 81
83 94
4 22
62 70
31 99
41 71
36 87
49 79
73 92
27 42
43 85
25 74
3 64
4 36
33 54
17 58
30 72
12 84
11 72
66 79
27 59
3 85
17 83
73 94
58 74
33 99
56 71
16 26
53 87
54 97
56 82
22 85
21 36
51 100
2 18
31 72
35 63
72 88
52 57
3 11
96 100
46 67
15 94
23 84
2 61
20 25
37 53
58 69
75 78
20 22
7 36
14 31
38 44
6 68
64 96
42 89
41 82
12 16
69 96
44 93
54 74
19 46
61 99
38 93
33 86
86 95
43 50
38 72
41 80
32 61
23 61
12 36
7 38
21 60
29 43
52 90
7 12
59 84
35 95
56 79
4 66
10 69
10 42
3 7
9 18
9 92
21 86
42 79
20 52
2 6
4 26
3 52
18 72
28 75
34 77
57 96
29 100
25 27
55 65
21 61
37 48
44 88
28 52
38 55
40 53
15 60
28 86
66 68
77 83
7 100
22 47
11 82
44 63
18 60
33 67
64 82
33 45
46 93
14 46
2 59
61 79
43 56
37 82
64 87
16 94
26 54
13 56
9 23
3 61
11 44
47 85
28 54
19 40
55 80
7 34
45 98
3 46
37 71
67 73
22 74
20 82
36 62
14 58
65 80
26 49
11 23
12 19
28 62
13 51
74 91
49 82
46 69
28 30
4 18
7 67
4 45
29 77
34 87
72 74
63 66
34 64
1 24
16 47
2 40
37 91
40 45
22 31
9 63
2 9
16 46
11 31
1 43
23 40
52 69
62 82
40 72
12 83
92 97
49 75
40 97
1 20
13 86
18 88
48 61
24 35
78 84
5 16
52 85
5 100
24 33
26 65
36 75
1 69
29 61
5 69
27 64
2 96
14 57
21 31
10 25
31 77
78 80
14 29
27 86
68 83
2 51
73 90
30 64
9 35
12 34
17 43
61 69
8 97
69 97
21 40
63 78
9 100
91 96
10 14
12 92
23 75
24 53
21 80
29 36
73 87
12 24
10 72
11 45
70 87
13 40
30 96
21 77
27 85
22 79
43 65
28 70
64 72
8 47
54 92
39 76
41 76
17 80
24 26
70 100
20 85
10 95
86 94
17 85
10 65
8 38
14 25
2 46
11 59
45 82
13 67
5 7
49 72
5 17
11 93
23 44
35 61
77 90
14 26
32 98
12 96
15 39
75 98
37 97
9 13
35 74
23 33
33 43
75 94
59 68
10 78
5 79
54 65
35 89
11 97
27 68
57 93
11 98
2 30
16 21
23 72
42 60
17 32
47 72
51 69
36 99
3 5
69 77
40 52
39 77
6 99
62 90
2 17
42 82
57 97
22 58
8 96
14 41
80 99
51 67
6 86
19 90
76 93
80 100
20 80
9 83
48 60
15 19
13 26
19 24
2 98
49 68
43 47
45 69
60 70
66 84
55 67
9 71
53 82
7 14
59 93
12 42
65 67
42 68
2 81
6 63
30 37
64 81
19 50
40 86
12 55
27 47
29 91
31 75
56 89
39 51
58 71
69 78
49 92
33 73
55 82
18 27
16 49
67 76
30 70
63 84
48 96
15 21
72 81
63 91
83 90
25 36
52 71
62 96
24 79
46 51
62 84
4 56
10 20
28 43
7 9
4 76
9 48
38 84
10 97
29 98
42 69
19 41
53 74
55 95
7 43
28 48
28 96
7 66
12 35
10 41
54 81
71 74
45 68
10 99
18 66
27 97
8 80
67 71
66 98
75 81
25 37
6 8
94 98
26 97
2 29
22 55
78 91
11 21
17 38
27 62
11 56
2 76
70 96
51 71
8 18
91 97
51 63
72 77
4 79
24 42
34 74
44 96
22 75
17 72
28 38
13 49
4 60
6 92
39 56
21 65
5 45
17 51
63 98
80 82
33 75
23 25
56 77
39 65
20 74
9 15
71 82
58 84
19 32
42 86
54 96
65 97
78 88
15 99
38 59
18 28
59 72
59 80
58 68
46 83
21 48
54 69
52 58
46 65
3 18
22 50
21 81
17 87
11 19
63 94
47 83
9 61
20 97
31 73
42 55
31 56
21 25
35 47
79 87
19 98
2 80
27 48
26 37
70 78
70 94
41 86
14 99
6 37
18 69
34 79
49 63
55 60
13 79
90 94
47 74
6 14
22 63
56 58
61 82
52 98
50 75
35 96
14 76
53 73
54 71
55 89
37 56
87 89
53 98
17 82
1 22
28 49
48 62
9 50
71 99
7 11
27 29
52 75
63 87
71 78
27 91
15 20
51 98
3 6
12 33
78 96
69 85
28 90
66 72
37 95
72 97
21 58
56 87
12 86
30 32
32 81
64 78
4 53
35 69
43 64
57 83
37 74
55 84
23 37
42 78
48 74
88 90
50 88
6 88
39 44
5 96
52 63
25 90
32 86
2 50
21 76
13 70
8 99
42 96
64 99
19 23
26 59
50 83
20 73
46 94
5 86
24 44
6 31
10 35
41 100
19 68
20 94
2 79
90 95
16 22
2 67
28 82
22 36
24 36
39 69
5 35
14 66
81 94
7 75
52 79
9 93
95 97
14 22
56 64
22 84
67 89
74 92
6 58
15 78
62 99
92 100
32 55
6 19
3 87
10 90
81 97
44 76
14 55
59 66
26 94
6 73
43 45
20 43
22 24
72 87
62 68
58 99
46 75
2 72
31 58
56 83
31 38
60 69
44 90
36 69
46 63
76 83
12 62
10 58
21 49
7 96
2 84
18 22
5 10
41 43
21 54
6 96
29 99
29 60
43 78
16 80
5 95
27 67
8 62
4 15
29 52
36 67
55 66
43 93
67 84
39 95
14 52
3 88
18 75
68 84
34 72
25 63
31 71
85 94
74 85
65 70
3 31
13 18
10 86
22 49
35 81
68 98
13 32
57 81
47 78
15 18
1 59
33 59
83 100
58 95
42 52
80 93
20 91
6 38
6 93
19 93
47 64
54 75
7 68
43 100
28 92
48 80
32 69
32 52
13 66
59 78
27 60
42 67
14 71
5 57
17 68
9 30
59 77
40 91
23 64
17 67
48 100
42 63
8 85
70 84
8 36
51 74
35 51
37 50
27 98
51 55
38 40
35 68
11 28
21 87
64 74
70 82
6 69
29 64
22 76
13 92
15 68
48 50
55 83
74 76
7 98
22 57
23 30
45 87
31 43
65 85
66 73
66 97
67 91
36 74
2 26
77 80
59 83
65 71
14 42
12 63
6 87
62 95
20 35
30 94
57 89
36 91
50 76
29 81
27 53
65 91
61 88
42 45
58 98
51 93
12 90
41 48
18 67
46 70
29 41
11 78
33 37
46 78
24 98
29 65
30 54
18 98
51 72
23 68
57 88
28 56
22 62
23 93
7 28
14 79
93 98
16 59
23 70
17 81
24 40
24 72
41 77
8 48
33 68
47 94
78 87
43 81
11 87
29 42
31 79
20 89
41 75
7 30
36 68
47 65
44 47
3 77
46 97
32 78
57 92
43 46
47 100
6 78
19 31
22 64
80 96
11 38
2 57
44 65
4 21
1 47
17 39
54 61
40 82
20 41
38 91
32 50
19 96
27 76
5 87
7 16
21 88
82 86
25 35
55 78
15 58
45 48
43 67
29 56
68 72
17 35
24 50
35 46
28 68
8 13
39 47
29 72
51 62
28 81
19 28
27 95
33 70
17 34
2 41
60 96
64 77
9 81
1 5
27 78
37 93
1 79
3 55
2 49
64 73
15 76
58 97
45 65
27 52
34 67
73 89
30 80
91 98
21 96
20 40
6 64
17 77
6 12
36 83
61 84
16 61
1 84
73 84
40 57
54 88
10 71
1 86
45 63
27 30
4 73
79 83
14 70
8 27
70 92
50 59
25 64
17 92
14 30
56 73
33 87
8 98
6 42
47 66
55 98
12 49
54 79
88 93
49 52
41 50
53 90
12 64
33 82
2 53
8 43
53 77
48 89
41 90
27 45
82 99
17 28
10 22
36 84
14 16
22 86
25 87
35 64
19 60
24 59
58 70
55 88
2 87
26 43
21 82
36 88
9 47
6 61
17 61
34 86
20 75
43 53
46 95
5 37
26 73
25 46
46 52
75 93
16 30
26 75
6 85
23 62
55 97
68 94
39 86
30 61
52 78
12 89
14 98
22 51
32 54
25 80
26 99
38 67
10 52
15 35
2 83
19 30
30 39
13 19
20 47
42 91
2 31
52 100
5 24
46 91
69 86
13 61
20 68
70 99
20 36
30 35
24 64
6 81
65 87
81 96
18 38
10 77
6 33
40 48
48 87
2 20
35 60
12 41
24 74
78 85
38 57
14 82
25 100
55 79
25 53
24 88
50 56
55 71
19 59
9 51
69 88
44 74
17 88
5 25
1 65
30 93
3 20
57 91
4 74
65 88
37 90
76 87
61 91
54 87
69 90
85 88
28 91
18 78
28 59
36 94
6 75
1 99
47 89
61 76
77 96
26 41
24 87
32 100
44 78
9 29
79 99
18 20
45 89
58 61
5 61
21 47
58 67
2 86
31 36
59 76
21 79
49 99
15 88
4 37
59 98
44 81
38 56
8 66
51 78
26 47
4 75
30 36
35 93
29 62
11 90
76 99
1 66
67 81
80 88
37 68
26 38
18 73
16 91
9 90
9 94
76 81
11 16
43 59
5 22
63 73
36 52
18 71
32 73
14 43
2 27
12 40
1 21
18 23
1 40
4 94
6 21
29 53
32 80
11 67
27 63
23 86
42 49
34 80
57 76
73 78
17 63
23 99
35 98
52 76
61 97
16 90
59 96
11 70
3 99
14 73
1 88
67 83
96 99
3 83
37 72
25 81
46 74
15 100
57 77
61 86
39 62
27 50
34 53
2 82
27 58
3 72
21 63
12 75
15 86
26 33
45 61
20 49
42 65
63 86
17 41
38 62
65 72
40 63
71 79
36 80
1 81
85 89
12 50
19 33
20 29
22 77
3 45
23 95
48 65
19 39
15 52
22 68
57 84
42 76
10 16
13 44
7 76
47 59
31 98
29 71
11 55
25 98
6 89
7 39
49 95
71 96
7 80
9 21
43 88
5 85
9 34
3 92
15 77
70 75
10 64
39 53
60 73
1 92
82 95
4 57
41 65
38 63
9 28
53 91
59 63
31 89
10 38
19 58
38 75
45 84
47 80
7 52
4 62
25 54
11 48
16 68
63 81
60 80
62 77
40 81
20 76
53 67
26 44
28 94
15 69
62 67
65 90
6 90
51 59
8 49
13 41
30 86
15 50
15 61
40 89
26 55
8 39
40 58
63 79
38 78
13 21
5 98
5 26
16 78
17 57
29 93
44 52
46 81
25 78
42 90
67 92
6 10
8 23
54 91
32 97
68 97
2 21
58 91
49 70
12 74
10 40
6 55
22 40
16 58
23 65
31 48
24 46
18 26
60 79
4 35
60 72
16 95
16 63
5 55
48 95
15 24
51 76
16 93
55 100
36 86
62 88
49 87
9 62
9 95
34 42
9 99
43 55
23 43
32 91
93 99
2 60
39 73
46 54
32 44
35 100
25 61
7 91
15 51
10 56
19 56
24 85
46 59
7 62
11 29
35 92
23 47
49 100
21 53
28 67
2 90
42 77
10 94
7 45
37 98
1 64
33 80
64 83
20 55
60 76
48 73
47 58
10 21
37 49
2 38
7 95
22 30
29 95
20 24
11 65
13 30
44 95
75 99
11 39
41 52
60 81
56 59
3 30
41 85
68 88
1 44
18 59
80 94
15 91
73 80
17 78
3 94
7 20
59 92
9 76
27 69
43 96
14 84
2 62
20 38
54 89
32 40
74 90
64 67
20 46
83 89
9 55
30 34
37 52
44 73
1 90
53 95
14 20
11 53
81 84
12 54
20 53
4 96
22 38
29 94
21 38
18 96
34 58
29 50
3 70
1 77
43 98
31 82
22 46
4 20
17 42
12 69
37 100
17 29
55 94
39 41
33 58
65 92
37 44
81 95
71 95
70 81
17 75
15 33
30 66
34 71
30 48
35 79
48 70
43 80
23 31
2 95
17 22
1 39
26 84
14 56
67 75
55 86
61 65
3 68
75 100
27 75
1 73
32 48
12 82
89 99
45 56
67 78
39 81
5 62
37 94
14 91
39 72
30 98
67 69
28 93
25 95
27 36
22 34
2 92
24 28
26 80
21 39
39 52
24 86
15 96
7 19
10 36
22 98
12 95
41 84
53 80
41 79
81 99
71 83
37 63
28 79
49 91
39 92
26 56
70 98
49 86
19 63
37 41
43 62
11 58
87 97
12 60
40 70
29 90
31 55
5 93
62 76
82 93
1 63
19 45
37 96
13 33
34 100
45 80
75 89
21 56
20 93
29 34
4 34
27 90
8 92
65 82
30 43
92 95
4 54
31 65
17 100
9 78
22 37
2 8
4 58
26 79
25 29
1 46
18 90
86 100
60 91
35 49
64 98
53 58
8 45
18 35
34 92
35 58
27 87
45 59
44 57
81 87
21 71
61 77
55 57
11 26
4 41
49 81
13 69
8 57
20 72
9 68
58 100
3 82
48 55
27 41
64 100
62 71
37 40
67 77
46 96
47 49
26 87
15 37
53 76
2 22
77 87
14 47
3 42
45 72
35 38
74 100
36 72
2 71
61 92
72 89
77 89
20 95
82 96
19 52
24 99
54 57
26 52
38 60
8 53
10 15
59 61
22 82
37 76
34 97
7 60
11 66
38 97
26 83
47 88
65 73
12 28
50 93
94 100
54 82
16 41
84 100
22 71
48 76
24 61
12 53
7 78
30 59
47 52
6 23
15 92
22 33
11 51
19 82
23 29
4 84
48 52
45 53
23 88
17 37
15 73
50 96
27 77
1 78
52 84
6 84
21 95
13 36
30 57
9 11
79 98
52 82
32 60
10 93
11 96
32 87
22 43
39 90
36 89
36 70
25 71
13 94
24 51
33 96
28 76
29 54
3 63
59 67
64 86
10 34
31 46
12 51
56 67
55 62
48 88
31 54
2 44
54 60
8 79
22 94
15 38
45 60
5 72
25 73
49 93
5 70
95 98
36 66
19 29
85 97
78 100
52 65
21 51
19 88
30 74
30 58
7 82
88 97
54 83
89 100
8 32
12 100
24 56
34 83
58 76
14 85
2 23
46 71
74 97
2 94
7 97
13 45
18 46
9 58
51 89
87 95
14 36
39 74
16 24
7 87
9 60
60 89
29 33
14 40
7 31
33 39
34 81
34 38
47 70
21 28
40 80
71 90
18 21
50 79
54 77
8 59
19 49
59 74
31 94
42 59
38 76
48 57
51 80
37 89
32 66
2 54
16 55
4 90
22 100
6 39
31 51
47 96
5 80
26 53
4 52
34 96
58 60
12 37
17 54
24 82
4 49
79 89
4 88
74 86
76 96
77 92
30 55
17 73
39 82
26 34
55 70
22 90
40 65
48 84
53 92
57 79
21 32
41 47
60 99
9 14
29 66
9 37
5 14
53 86
13 75
82 88
8 28
28 55
82 94
12 91
66 69
19 25
20 23
88 92
23 63
24 95
30 42
38 52
52 62
16 53
24 34
41 49
43 86
41 68
53 59
2 48
12 93
8 19
46 50
20 48
45 90
59 65
68 74
14 62
45 57
35 75
9 43
80 85
76 89
8 76
3 56
4 19
4 70
46 68
82 100
29 74
28 39
6 44
31 100
55 92
74 84
64 93
15 41
39 100
62 74
79 92
5 59
65 95
77 98
61 72
12 78
61 94
14 33
33 88
5 41
41 88
19 84
4 85
23 45
95 99
19 77
6 41
65 68
21 100
10 62
47 95
77 97
51 96
43 90
9 64
58 93
56 92
7 92
55 73
4 17
55 59
49 80
54 86
66 83
10 18
71 87
21 43
80 95
5 13
6 82
14 67
2 78
42 88
10 31
44 46
29 32
14 83
75 80
75 85
12 15
17 99
8 31
8 89
20 58
88 98
83 93
64 92
36 76
34 45
1 72
25 94
44 58
4 68
84 91
26 35
6 53
50 78
37 60
63 100
70 79
36 56
10 98
6 34
37 80
26 51
66 74
53 56
76 97
60 66
25 89
47 93
45 92
26 74
89 93
45 62
26 100
51 97
5 88
71 100
2 63
15 57
36 60
4 63
1 31
34 40
50 87
17 25
18 51
32 47
46 73
29 46
7 54
51 94
52 91
7 51
13 62
54 58
83 97
80 84
23 91
16 77
50 70
3 90
36 55
68 76
47 73
44 49
72 95
6 26
25 41
37 73
1 10
51 99
22 70
49 77
15 17
20 83
25 32
27 32
6 28
20 66
41 59
53 55
7 15
2 68
10 24
4 14
17 86
87 90
33 69
16 42
22 35
69 76
39 91
17 27
46 62
36 51
57 94
40 49
55 91
68 100
3 58
41 51
15 97
1 95
34 91
55 90
26 81
29 83
63 89
42 51
11 33
7 10
48 77
2 36
15 53
52 70
11 89
53 71
13 97
53 99
5 46
66 81
50 71
50 95
13 93
31 84
12 76
74 94
37 78
39 96
16 84
62 86
64 90
51 83
17 76
49 59
10 27
9 45
50 100
3 17
17 20
1 52
49 83
48 53
7 42
17 23
75 79
72 78
10 61
57 61
81 88
23 77
52 93
28 95
35 88
30 84
45 79
11 17
61 68
50 84
14 89
18 79
8 54
84 98
72 86
4 67
86 90
25 96
9 27
59 82
44 89
37 87
3 73
61 83
46 80
57 85
68 91
48 85
46 55
69 99
45 86
44 99
8 74
66 99
44 64
26 46
28 45
59 88
28 84
13 88
59 64
26 50
14 54
31 61
8 41
50 69
2 15
33 85
4 28
24 38
5 31
4 51
2 47
14 93
16 97
6 71
51 95
4 81
47 81
16 37
24 55
23 69
22 69
4 65
28 97
19 87
8 34
46 90
61 96
2 25
9 52
76 95
31 83
21 72
7 40
3 79
70 73
12 27
21 92
40 51
50 60
75 86
14 50
35 41
17 97
24 66
10 70
74 99
80 87
41 55
54 68
23 35
96 98
14 39
26 93
14 95
4 31
16 29
38 47
7 83
5 60
11 41
38 99
42 84
39 46
7 41
43 49
59 79
1 36
13 50
82 90
5 68
44 48
23 66
33 97
40 88
41 78
11 84
46 100
34 66
57 64
3 26
36 78
6 51
69 83
32 49
25 33
25 38
53 62
57 69
19 42
14 34
79 93
24 47
31 59
65 93
88 91
35 85
43 63
7 59
21 59
69 74
42 99
13 77
62 94
54 100
78 93
73 81
82 89
21 44
40 46
23 56
57 59
75 91
72 80
46 85
49 56
5 58
23 54
76 82
66 95
50 77
44 75
21 98
45 94
41 58
6 40
82 87
82 91
64 95
43 77
19 65
66 80
16 66
31 76
74 80
79 81
32 65
72 90
83 87
13 38
3 65
26 64
24 65
33 49
67 98
35 76
56 72
29 78
63 96
53 64
66 78
5 82
67 99
3 27
22 66
29 85
42 58
14 21
50 68
39 94
13 53
24 90
18 97
55 68
13 48
7 90
61 73
37 62
69 72
16 52
25 31
9 44
45 78
47 54
41 91
24 91
83 85
11 69
35 70
32 82
35 54
24 37
28 73
86 91
16 54
34 94
24 45
1 25
50 99
73 76
43 57
52 88
7 71
10 47
56 62
39 98
27 46
38 89
10 84
6 43
44 69
28 40
35 99
24 27
70 83
44 83
14 96
59 69
7 48
59 91
79 91
58 96
32 35
48 51
15 72
15 44
91 93
3 60
65 69
13 23
8 52
32 89
63 76
64 80
62 69
15 45
25 76
11 68
27 55
28 57
16 36
30 83
56 76
15 22
5 30
12 25
5 36
41 60
14 74
51 81
15 56
62 80
4 42
7 53
35 72
71 75
1 50
39 68
69 79
17 66
17 52
7 99
25 92
5 56
2 75
49 89
60 85
69 91
20 56
5 76
13 78
23 38
37 79
50 90
30 97
10 85
9 69
8 90
43 83
80 97
25 51
70 91
7 35
22 59
2 42
1 82
10 87
44 82
57 82
57 100
11 47
25 44
47 77
70 89
45 88
21 64
23 97
17 36
4 83
42 81
23 53
41 87
32 56
34 73
19 83
80 90
36 39
78 99
43 92
43 97
21 69
7 47
17 93
10 60
24 54
54 95
66 91
48 69
89 95
17 33
28 87
13 84
18 29
30 46
6 30
4 80
22 93
58 75
70 72
29 63
40 73
82 98
6 35
42 47
21 23
55 58
18 77
20 31
43 91
29 79
16 50
43 76
34 39
61 100
25 67
43 74
66 89
4 16
32 59
1 83
55 85
64 94
56 61
23 49
66 76
57 73
74 87
47 67
4 86
75 92
82 85
56 69
1 67
48 97
39 60
50 98
20 42
20 69
13 31
71 92
57 98
91 99
71 88
21 57
41 89
23 46
71 85
54 70
14 88
46 53
1 35
26 77
47 51
60 98
61 89
45 54
6 65
27 65
44 72
51 66
8 91
39 99
53 70
72 83
2 99
77 88
26 78
46 66
43 52
11 40
10 55
40 67
34 95
48 58
22 92
22 53
16 51
17 30
39 88
68 71
44 98
60 88
60 97
92 96
34 43
62 89
41 63
5 27
56 96
42 46
22 97
41 62
83 88
8 71
38 65
31 92
32 68
18 93
93 100
7 27
70 97
12 39
50 86
44 86
97 100
61 78
27 80
38 46
8 40
8 55
16 27
46 64
64 76
45 76
3 95
8 26
5 28
11 85
95 100
9 12
60 94
25 83
1 26
1 37
90 100
2 89
52 55
19 75
1 89
6 54
22 81
4 6
28 77
43 61
3 32
59 89
62 98
32 83
41 74
40 100
44 50
66 96
4 64
16 86
12 72
80 91
70 90
84 95
88 95
28 64
18 57
27 54
41 69
14 18
23 73
38 100
47 97
41 54
48 64
31 69
20 81
53 93
10 50
41 44
44 94
3 74
4 50
9 86
5 54
81 90
50 53
58 88
19 81
35 55
18 87
56 97
83 98
36 92
42 57
52 97
18 61
6 22
25 30
78 90
20 63
51 87
23 71
59 90
10 100
9 89
15 63
6 45
13 85
19 44
30 47
40 99
66 87
28 47
33 36
74 82
25 62
71 97
4 11
13 29
13 55
73 77
78 86
13 73
49 69
35 78
33 35
47 82
60 62
51 90
36 64
8 88
29 49
21 62
34 59
12 59
89 92
13 80
16 45
3 84
25 40
8 70
61 75
29 76
39 78
36 47
15 29
70 76
52 56
24 63
53 65
35 91
7 25
30 38
35 66
38 87
25 49
38 43
3 89
37 45
38 82
27 66
10 33
64 70
1 28
57 70
19 94
5 53
50 57
8 11
14 44
33 60
46 86
79 96
4 13
7 46
55 87
1 30
90 99
3 10
17 45
32 41
30 91
16 72
73 82
37 81
44 67
17 69
1 41
1 100
8 84
43 66
18 91
20 54
65 75
4 92
9 66
59 85
40 79
8 30
1 3
13 71
35 56
80 92
77 95
17 59
34 68
15 93
54 90
3 38
3 37
48 98
5 92
63 68
27 99
6 97
45 99
48 92
41 46
32 75
33 78
46 77
47 55
5 8
3 53
44 70
73 95
44 61
52 61
45 47
56 100
30 60
22 25
2 32
10 45
43 87
46 99
24 68
57 75
38 95
11 52
24 32
54 98
76 88
65 74
49 62
67 94
50 91
12 48
9 16
85 95
6 16
33 52
32 88
33 53
26 40
29 31
45 96
12 65
11 74
9 17
16 57
68 89
44 84
69 95
13 47
31 34
53 97
42 54
28 44
85 93
49 64
29 44
1 45
34 48
35 59
65 89
68 92
11 76
12 88
61 71
48 99
12 26
27 84
77 84
36 97
78 89
38 49
41 83
78 83
38 73
1 70
2 93
51 70
3 25
25 65
31 80
15 31
48 68
38 66
19 74
57 78
8 56
21 68
44 100
72 96
57 62
19 79
6 60
5 11
30 49
26 95
12 17
16 88
31 95
6 24
33 71
18 95
31 39
18 70
8 17
39 49
44 66
16 83
20 33
52 99
1 34
72 76
84 97
36 48
35 80
6 36
32 38
5 77
74 89
47 63
52 96
15 71
2 73
49 57
51 56
33 98
24 70
5 75
34 98
27 94
2 12
12 57
62 66
12 52
30 52
25 43
30 51
12 99
77 81
2 52
7 81
2 88
44 91
1 96
60 95
86 88
90 92
56 86
38 69
2 45
23 79
17 84
21 42
49 58
76 90
41 94
18 58
22 44
1 94
14 60
97 99
21 35
2 33
18 25
63 69
4 30
39 79
38 48
6 91
82 84
28 60
1 32
22 45
12 47
33 55
13 54
81 91
16 32
10 57
52 60
10 76
12 61
92 99
54 84
40 94
85 96
86 92
52 67
83 91
85 99
2 55
5 48
27 57
8 61
15 82
13 37
7 32
33 46
39 58
26 61
79 97
7 24
68 80
81 92
38 53
4 95
18 34
42 98
35 44
1 38
31 96
19 47
52 80
73 75
10 39
17 55
17 40
58 78
36 61
38 41
11 46
71 84
25 69
2 74
36 98
13 60
3 48
25 82
10 19
28 72
30 82
27 34
33 44
24 49
35 43
93 96
4 24
3 22
21 67
5 74
13 91
40 69
53 68
66 82
38 81
29 80
30 87
51 60
13 46
17 91
17 94
31 81
10 66
59 97
2 19
24 77
2 100
58 81
20 88
42 71
41 67
45 58
38 68
5 29
30 41
49 61
14 90
58 82
68 82
5 38
56 80
44 97
49 66
77 86
23 85
37 54
18 49
8 86
27 43
26 48
31 40
36 90
67 96
43 95
63 80
34 57
9 77
8 94
24 60
32 72
8 81
14 68
12 14
47 50
41 56
7 63
44 92
14 69
4 47
19 67
40 62
3 67
48 93
62 75
23 74
5 20
50 81
10 89
43 75
8 50
89 98
12 87
2 7
15 89
84 88
76 94
94 99
29 82
10 88
36 79
7 26
10 49
27 88
11 95
34 65
20 27
40 54
64 88
54 93
42 100
29 84
83 95
74 88
5 65
9 24
22 60
21 78
33 40
6 57
57 67
40 66
27 71
7 72
9 26
70 85
13 22
39 93
42 94
25 86
50 85
54 85
24 29
85 87
40 85
51 58
17 47
18 30
41 99
17 56
24 84
24 94
15 54
28 34
69 80
61 80
3 40
4 7
67 87
47 57
4 61
5 21
59 99
60 64
15 47
50 67
17 64
50 94
48 78
4 39
35 97
38 98
54 59
69 87
62 100
19 86
69 98
15 64
53 84
24 97
59 86
72 84
11 75
25 48
18 80
17 74
32 77
35 53
12 38
41 96
53 66
15 70
13 64
29 35
22 67
26 58
28 46
12 21
33 41
38 58
58 85
10 83
4 12
7 94
29 75
44 71
36 59
28 31
7 29
92 94
44 62
12 97
25 97
28 85
52 72
36 71
16 75
68 90
75 88
23 57
76 84
25 56
14 51
51 77
65 79
69 89
22 78
63 72
49 74
19 71
28 74
39 67
46 60
7 56
27 37
11 35
7 50
5 94
6 46
7 89
35 84
30 71
49 73
25 47
79 82
22 95
16 23
59 100
23 87
60 68
27 96
48 56
7 55
2 34
74 98
25 52
38 94
16 87
23 51
5 18
40 71
20 98
18 44
7 64
8 69
44 60
40 75
11 20
17 21
69 82
31 47
39 45
31 74
15 84
17 19
60 65
16 98
8 72
45 75
34 75
42 93
43 51
30 63
35 87
66 90
66 77
35 50
45 71
30 100
33 51
37 66
11 63
31 49
3 15
24 78
14 53
4 32
10 53
42 73
37 83
30 56
65 76
14 49
30 69
5 33
29 86
32 57
1 80
10 30
31 85
57 68
14 59
6 17
48 63
1 12
5 89
6 11
5 47
19 22
5 51
33 62
16 71
43 79
22 91
20 99
9 53
20 39
8 73
55 64
32 53
10 13
58 72
13 28
23 27
52 92
30 81
6 25
18 43
16 35
17 24
12 58
6 15
30 76
9 82
22 39
13 20
5 90
19 38
5 39
65 100
19 61
18 84
61 90
1 54
15 83
37 85
25 79
44 59
5 49
47 69
71 80
33 93
8 93
5 91
5 43
45 85
16 99
30 75
16 25
55 63
34 46
28 37
24 83
63 92
55 69
13 25
39 71
2 39
62 72
35 90
36 77
65 96
29 38
57 72
58 62
66 85
88 99
69 75
58 77
29 47
7 23
39 97
27 89
25 77
78 94
53 72
38 50
39 83
33 72
34 82
18 39
14 75
71 91
4 48
49 84
67 85
41 61
27 56
5 19
56 85
2 5
8 100
38 80
19 48
6 98
48 86
23 94
14 35
76 91
20 51
2 11
7 61
51 92
28 63
28 35
30 90
31 62
31 67
44 85
5 9
26 42
45 73
1 51
40 42
35 71
43 72
4 98
4 40
45 97
14 63
3 21
21 55
48 90
30 89
23 26
52 73
26 57
10 48
26 62
87 94
11 71
71 77
58 80
79 94
8 64
77 94
25 88
16 81
60 67
49 51
24 80
18 63
36 58
9 85
66 93
82 97
49 65
32 74
6 48
33 84
36 82
14 48
16 70
36 93
25 55
5 23
22 48
20 78
9 59
14 32
19 37
8 77
30 50
34 93
38 71
24 92
34 70
6 67
30 40
72 100
6 50
30 92
19 62
86 89
11 18
70 77
11 32
75 96
33 91
3 59
19 91
13 39
4 9
39 87
39 70
35 57
8 46
15 30
40 60
16 74
3 12
27 92
36 100
30 88
33 79
26 86
18 47
22 52
13 99
22 72
15 65
93 95
26 31
76 79
41 45
22 89
9 41
35 94
51 53
39 66
33 66
3 29
19 95
63 75
7 57
19 78
98 100
37 69
5 67
35 40
56 75
62 81
29 51
33 50
18 76
87 91
26 76
31 97
60 87
31 64
14 100
2 10
13 95
11 86
25 66
16 79
87 98
40 56
52 89
19 27
6 20
46 79
2 97
22 28
70 88
81 100
51 73
3 91
59 81
53 75
53 81
36 43
29 88
53 57
52 66
10 23
6 70
13 100
43 60
78 95
28 58
8 95
87 93
20 87
37 88
60 90
77 79
43 89
44 77
6 49
5 78
94 96
42 92
13 58
20 64
40 83
12 68
17 60
84 94
14 65
