145 10296
109 125
17 102
62 98
46 137
11 67
75 120
95 112
46 138
48 136
16 76
20 65
83 97
63 120
41 51
49 67
112 136
32 112
12 72
55 82
2 40
62 111
5 91
5 111
43 104
24 108
50 52
19 92
31 125
15 100
43 106
100 127
26 122
38 85
3 143
11 45
92 105
32 75
88 91
48 69
116 123
73 140
3 124
5 126
4 37
6 43
6 140
11 42
52 110
68 114
32 84
24 91
49 106
15 87
15 33
82 95
51 125
85 121
95 126
71 141
77 79
82 143
22 59
14 108
98 100
3 83
66 86
55 84
21 114
21 61
11 59
68 111
17 139
14 138
37 59
33 117
3 14
81 91
3 82
10 130
38 52
9 88
7 113
10 115
84 114
110 124
38 71
58 122
76 84
18 128
71 108
67 113
95 99
13 68
43 113
48 71
68 137
12 135
81 118
104 108
86 110
65 124
6 42
42 108
122 136
5 43
8 44
10 113
43 81
69 139
23 71
42 76
46 133
4 92
41 79
88 94
9 105
8 78
1 123
74 122
72 142
66 108
16 99
54 64
26 125
101 104
27 104
65 101
126 133
79 142
133 137
24 40
130 135
88 105
23 55
16 23
21 41
16 58
28 40
5 118
32 94
44 96
53 88
47 134
73 97
48 68
65 91
57 83
18 32
1 27
95 100
121 131
3 7
28 32
33 44
61 71
72 105
35 80
67 71
1 13
72 132
6 69
98 125
47 144
29 79
25 72
30 132
30 65
32 141
19 66
104 116
25 140
33 72
65 105
66 130
65 84
81 125
71 83
4 21
17 68
82 141
59 145
75 131
12 68
110 134
20 83
62 104
69 81
76 111
74 81
39 78
116 133
16 74
13 59
82 118
45 48
99 101
51 86
47 93
10 32
49 122
60 129
97 118
4 53
45 99
18 24
48 121
60 86
82 96
20 49
1 136
38 105
35 120
57 141
15 90
84 109
2 53
24 33
28 139
42 69
24 136
8 51
4 63
41 71
24 44
2 100
91 140
92 124
55 102
105 126
41 131
45 86
102 131
24 39
22 90
54 114
107 123
31 37
12 117
73 144
35 126
7 22
12 106
62 75
64 71
17 33
13 38
75 141
50 143
49 72
67 109
121 124
1 128
92 138
26 112
18 129
29 141
84 144
28 118
60 95
57 145
101 128
10 25
2 139
39 44
10 128
21 142
67 88
115 136
102 135
126 136
14 82
123 144
47 61
65 142
39 52
80 131
96 136
33 114
38 89
41 136
79 125
57 108
94 140
48 62
75 107
8 90
36 142
66 91
67 143
35 128
15 133
66 139
31 76
58 93
43 112
4 11
117 122
86 122
47 92
39 130
128 130
94 124
5 108
24 104
71 78
63 100
55 136
83 126
30 121
69 104
28 120
108 140
42 70
22 60
26 117
27 133
16 47
87 129
90 110
31 44
39 97
19 33
57 101
106 125
52 63
23 81
70 75
89 145
76 123
22 27
108 131
44 77
22 117
15 84
56 115
38 116
129 143
62 126
12 109
121 137
26 103
28 145
80 119
78 127
30 74
91 125
12 113
33 39
70 82
51 76
43 58
17 21
3 100
48 141
86 131
48 130
25 35
17 100
77 108
9 135
18 100
78 84
45 88
17 61
34 83
17 99
62 136
27 102
4 90
99 143
79 122
110 113
44 105
101 127
50 101
60 97
85 96
4 46
2 68
30 129
20 35
15 142
67 124
111 130
61 140
88 101
27 140
39 102
9 59
7 56
17 58
93 100
117 145
78 112
73 132
33 41
55 110
102 132
114 144
98 102
31 33
94 97
37 109
7 125
43 101
86 133
12 15
92 116
73 109
63 76
2 19
82 124
10 124
3 65
49 70
7 20
21 141
10 57
10 100
9 52
18 130
23 111
27 41
110 122
36 63
75 94
76 88
54 62
34 141
13 127
38 112
84 129
30 69
87 140
86 89
110 116
62 139
58 101
10 73
29 45
100 141
86 138
1 82
1 77
51 115
81 142
41 68
93 140
47 132
17 57
78 110
99 121
8 114
2 57
26 109
137 145
46 62
32 135
55 111
74 131
12 128
4 29
81 124
119 128
21 118
90 143
10 109
25 142
75 119
48 64
36 55
33 101
5 67
80 94
62 99
77 84
82 107
6 129
71 100
126 130
40 90
90 94
78 113
10 88
73 138
13 90
74 79
40 89
42 93
32 133
48 60
25 111
102 127
7 93
62 114
48 135
42 85
36 40
93 138
89 124
9 18
112 137
43 115
67 110
116 135
59 88
11 75
1 120
96 132
39 71
69 105
23 144
61 116
124 130
18 20
9 112
2 141
47 75
139 143
17 119
5 122
14 117
7 94
132 142
35 100
8 143
8 117
55 58
5 83
12 131
66 92
65 87
82 132
20 84
48 107
65 99
90 131
33 75
83 120
1 92
82 98
100 109
21 27
18 126
55 67
99 126
134 145
117 137
101 140
36 75
99 108
25 52
29 140
5 66
84 133
12 132
13 66
77 120
81 136
53 63
56 141
20 126
50 61
59 83
39 132
116 128
14 80
63 138
21 64
33 43
26 87
2 24
14 54
47 141
7 37
38 43
73 84
49 79
73 119
48 91
25 112
60 82
9 76
45 89
19 84
25 108
38 127
62 145
101 144
29 63
52 87
28 74
52 93
115 143
17 95
46 58
22 145
97 132
118 141
55 103
6 32
54 86
7 142
26 95
2 87
10 112
55 79
98 105
57 79
59 67
18 107
52 101
17 133
38 66
43 55
37 87
63 130
43 57
64 69
9 29
56 142
26 129
38 138
25 130
117 126
24 83
81 109
7 95
3 138
61 67
96 139
54 144
5 11
4 49
47 58
56 97
16 93
2 86
53 87
22 53
38 108
22 38
72 77
74 130
105 138
131 138
73 142
30 61
16 133
28 119
57 98
7 32
46 89
103 117
83 138
21 97
45 74
33 89
20 131
54 89
3 128
1 96
24 92
61 106
103 107
118 123
84 90
1 30
45 125
65 100
54 113
34 38
18 105
113 132
7 89
17 129
47 62
68 145
64 128
87 136
52 79
40 45
33 129
40 121
1 129
30 127
58 143
38 131
65 115
14 50
6 38
49 143
49 104
105 112
80 103
36 42
58 80
18 113
11 65
34 56
137 140
124 139
17 37
38 60
62 81
29 61
74 99
40 92
28 58
93 97
41 103
2 107
20 121
20 52
51 140
8 16
29 57
84 138
18 94
64 144
111 144
31 90
31 57
54 97
63 91
60 128
43 103
91 96
51 54
35 82
52 134
106 111
36 46
85 97
82 121
67 81
74 102
107 130
12 30
30 84
20 138
109 121
43 79
65 136
4 104
2 144
40 79
32 110
69 113
21 70
1 63
24 53
20 104
5 128
12 122
28 115
27 76
38 56
17 115
10 83
81 144
39 43
48 87
12 88
65 134
40 84
2 4
69 110
32 124
49 125
21 82
3 121
107 113
17 101
63 143
65 88
37 118
82 106
20 32
67 101
13 25
11 110
66 110
81 116
49 91
33 139
26 43
102 109
52 116
34 139
36 116
60 72
3 96
38 76
13 102
38 102
27 65
43 61
10 86
6 132
16 50
6 72
50 141
59 75
93 119
23 121
49 115
17 124
25 34
46 97
28 73
14 96
76 102
8 15
20 41
63 137
66 118
71 82
20 90
133 140
78 132
90 109
54 122
54 92
27 141
33 136
73 83
4 28
24 105
76 126
43 110
10 110
31 104
70 80
42 128
36 56
50 83
31 112
50 106
37 117
6 63
42 112
30 88
96 137
92 96
105 119
51 137
117 119
84 93
59 93
93 131
74 89
69 125
5 82
98 117
29 92
61 85
44 135
29 108
32 36
18 41
117 121
57 115
70 109
68 96
45 55
12 98
92 123
72 103
48 50
127 142
105 129
62 141
16 70
120 143
59 118
36 45
15 24
92 101
57 70
113 145
65 79
61 122
109 130
40 98
68 72
88 143
104 128
20 92
4 75
29 120
57 114
14 88
19 101
1 93
25 47
68 140
51 64
38 41
28 65
53 66
54 140
34 45
43 93
7 111
122 128
12 69
28 103
43 48
14 85
50 88
42 138
55 101
19 89
48 94
17 67
70 144
14 94
34 64
118 132
94 134
48 77
70 115
11 106
102 105
65 120
35 116
34 59
39 144
60 87
13 15
68 108
28 91
60 89
20 129
39 91
11 21
2 17
37 50
27 59
41 138
14 69
74 140
16 143
55 121
14 76
57 104
30 95
7 34
143 145
5 54
20 68
30 52
82 126
25 78
95 98
4 126
98 118
79 126
32 129
54 75
36 68
31 85
58 124
96 133
55 65
72 135
49 71
17 80
21 78
19 67
45 115
41 80
38 101
25 136
95 123
94 141
87 94
91 136
57 77
60 85
131 144
47 90
79 92
101 108
52 103
15 137
33 91
18 137
18 39
6 115
113 136
27 132
1 85
120 137
109 132
39 87
21 110
13 99
11 43
30 142
60 103
19 80
54 94
46 85
81 106
1 80
28 50
65 69
21 65
24 43
52 118
17 31
23 135
30 97
25 79
9 108
27 119
58 96
37 79
40 96
87 115
117 144
8 11
15 25
10 23
77 102
95 144
107 115
105 124
86 130
71 121
36 124
124 141
26 64
13 93
80 99
94 121
46 105
64 115
76 119
60 79
48 117
1 91
10 71
67 131
31 94
33 82
44 62
50 140
27 143
28 105
58 131
41 128
2 132
74 129
27 89
15 52
34 39
3 142
46 79
132 143
22 115
52 139
84 98
16 141
41 47
72 104
14 130
80 130
27 100
7 26
9 145
6 144
57 143
132 138
93 102
4 15
112 140
60 119
67 74
8 140
61 78
60 73
16 40
134 143
129 134
39 76
83 112
24 109
96 108
99 141
15 32
6 100
53 138
68 117
69 96
40 111
140 145
72 117
4 77
52 82
34 43
67 80
83 141
34 96
78 81
24 68
9 58
21 127
5 57
33 67
6 80
9 27
19 37
17 86
64 82
74 104
128 135
6 8
62 134
16 18
77 144
2 136
7 91
36 79
37 120
80 115
83 109
47 88
73 90
94 98
70 103
38 88
28 38
52 58
37 82
90 137
82 145
17 26
69 109
12 80
65 107
81 111
58 128
3 99
37 83
3 103
41 110
38 51
125 138
6 98
87 124
17 104
106 117
84 127
20 137
44 118
100 113
57 90
61 79
69 115
71 118
78 92
53 115
3 57
39 88
81 126
7 107
2 104
69 144
68 110
55 68
124 140
21 125
57 68
10 33
34 71
93 129
43 105
125 127
78 91
38 92
56 123
50 71
81 114
131 145
53 69
14 81
59 89
116 126
9 11
44 81
100 134
23 140
32 138
18 106
15 109
66 82
31 97
5 75
41 106
2 126
45 60
4 24
58 119
19 123
21 42
30 126
19 54
2 90
27 46
19 82
115 117
3 93
60 130
52 77
11 104
71 96
107 142
53 137
42 47
28 56
140 144
15 123
31 127
9 33
106 134
107 136
89 141
50 122
7 88
16 127
3 6
5 99
81 89
58 77
3 86
30 45
41 75
11 138
49 109
103 114
65 137
72 86
44 82
47 125
71 98
7 17
58 74
61 75
81 134
15 65
99 124
39 61
10 68
15 122
15 62
23 124
17 131
29 66
29 117
31 110
19 26
10 91
8 86
2 129
94 104
13 34
79 141
26 31
101 107
19 44
77 95
39 141
105 108
121 143
94 137
84 137
31 92
37 69
52 57
103 127
6 67
3 10
18 81
16 28
34 41
16 100
15 38
19 119
38 119
47 136
2 50
83 117
51 133
48 122
38 46
86 111
89 106
14 51
42 51
41 98
104 106
79 117
106 130
14 111
102 142
25 56
1 125
23 57
125 137
60 144
7 141
53 67
15 82
91 94
12 86
60 136
91 131
39 45
2 35
33 128
44 74
81 112
75 122
49 64
13 22
119 134
46 129
59 112
13 76
4 99
53 120
37 72
39 89
25 138
85 98
17 113
62 103
48 90
110 112
3 108
24 125
50 136
17 128
105 135
37 55
70 78
5 127
116 124
9 22
67 91
87 111
86 140
49 98
55 100
58 95
69 120
82 120
81 121
14 30
25 85
23 105
113 123
47 72
9 72
101 139
15 124
58 129
6 51
29 98
11 46
46 71
80 108
30 110
73 91
1 58
27 78
81 95
69 92
4 35
7 85
67 73
66 125
21 67
10 97
95 143
63 92
41 65
65 85
59 102
101 136
54 61
102 121
51 105
62 77
92 131
64 116
50 114
15 45
113 117
12 73
46 143
30 91
35 142
47 84
14 45
139 145
23 63
13 126
23 82
100 126
75 143
1 66
9 125
8 128
56 87
19 131
35 145
20 56
59 62
30 145
62 82
31 95
61 134
45 144
18 101
5 141
52 90
94 128
23 106
2 118
1 78
81 113
54 120
110 121
111 118
46 66
37 100
37 129
63 77
7 102
40 105
77 136
91 109
27 135
23 26
1 33
25 102
75 81
90 105
5 63
38 140
13 141
85 130
88 136
97 121
50 93
47 51
8 22
39 82
85 131
6 94
18 34
57 62
54 81
35 110
20 46
43 84
102 104
9 75
10 12
14 59
103 106
20 114
63 109
30 137
54 58
10 99
84 106
59 78
42 126
5 131
29 86
95 131
112 143
35 138
17 134
1 6
38 55
99 114
4 130
42 86
31 81
61 117
13 17
118 128
16 48
17 81
23 123
41 123
48 59
128 133
11 113
54 63
61 143
70 76
74 91
64 91
22 77
8 105
95 140
68 136
12 140
21 126
114 139
37 97
44 70
13 31
77 114
1 64
134 137
34 114
37 143
13 124
70 111
13 82
8 138
18 124
104 114
73 99
65 128
83 124
72 118
76 89
101 134
9 121
41 134
48 114
98 138
106 142
42 101
16 54
46 116
32 64
80 102
62 83
32 38
29 102
11 126
52 91
22 92
33 131
55 139
29 62
106 118
52 65
106 135
51 122
40 75
20 34
26 49
100 140
42 95
117 143
76 140
23 104
35 104
93 130
79 109
75 89
52 108
12 61
22 134
96 138
29 112
63 101
81 84
23 62
28 69
81 141
51 107
100 128
30 123
96 145
36 39
102 139
27 63
71 90
13 94
36 53
19 95
6 56
76 118
4 45
89 97
5 89
89 103
75 125
72 99
56 59
27 127
101 105
26 119
50 60
96 140
8 110
51 58
46 123
53 121
68 127
53 102
101 141
14 114
62 122
121 126
46 127
52 107
31 88
47 74
11 145
16 32
86 126
79 81
83 139
12 22
18 98
41 101
94 144
48 88
100 121
25 29
83 88
65 96
35 114
106 110
118 135
10 82
11 13
29 31
80 100
31 144
5 116
1 26
1 101
44 110
25 73
30 109
12 42
31 103
102 123
63 93
13 133
56 122
8 79
61 107
97 115
74 117
3 61
37 134
36 88
54 85
56 92
17 82
72 123
47 109
14 144
78 122
78 129
63 127
105 113
31 65
44 75
25 96
13 48
87 114
56 110
7 47
19 34
40 127
13 89
29 94
79 140
15 35
25 68
103 109
130 139
21 45
12 43
37 85
22 96
48 93
102 112
103 139
5 139
88 106
67 111
65 110
1 18
57 88
2 130
103 129
53 91
71 106
33 112
81 115
31 48
40 128
7 92
27 105
63 126
84 134
41 72
20 66
107 145
10 142
23 133
101 143
59 135
34 54
115 145
51 144
53 133
93 122
24 127
29 91
11 141
41 105
60 70
1 107
23 49
37 102
48 116
22 81
24 132
36 72
5 46
97 108
45 118
4 51
5 51
96 113
48 52
63 142
5 40
27 131
2 21
90 108
48 134
55 142
10 78
113 139
11 86
48 139
79 144
65 144
15 44
118 125
55 115
18 54
72 116
110 139
60 109
134 144
87 137
75 133
27 126
20 109
53 117
114 142
12 116
46 112
38 121
92 103
13 123
6 135
88 100
49 73
134 136
20 72
40 106
8 115
52 137
44 142
72 115
19 90
33 95
86 113
10 39
6 122
47 111
6 112
51 68
38 75
31 49
57 137
89 123
22 49
78 103
45 53
77 130
39 125
49 145
116 118
107 144
29 133
4 68
31 100
14 23
8 17
29 40
4 20
14 134
29 75
36 65
131 140
137 143
88 137
39 41
4 13
15 40
89 98
73 143
60 67
80 110
42 127
68 95
98 145
6 137
53 127
77 109
89 131
93 118
54 121
8 40
109 128
28 49
36 97
124 138
77 105
3 43
34 145
26 78
21 103
73 125
121 130
50 79
132 141
62 101
36 138
65 77
77 89
17 20
15 101
92 114
23 83
8 65
30 40
29 47
8 82
9 81
61 135
77 110
133 139
1 74
33 56
109 119
69 138
42 59
4 120
12 32
41 62
138 144
94 129
1 69
18 88
12 121
97 125
8 144
59 90
70 77
65 139
37 71
40 57
126 137
55 129
67 86
61 145
37 88
12 78
57 113
33 66
107 119
13 62
46 102
71 91
62 69
50 76
16 42
27 91
22 91
85 112
54 102
90 114
29 125
58 98
14 28
123 142
102 130
100 124
5 8
101 137
36 134
16 21
17 90
45 142
86 118
113 142
67 136
60 125
23 126
1 28
57 125
9 34
67 133
79 116
38 135
37 139
1 39
35 71
38 87
4 73
89 93
69 135
36 44
59 91
61 119
93 116
104 139
110 114
123 131
7 46
89 128
96 143
11 94
23 52
55 117
11 85
8 134
75 79
9 50
35 96
58 135
4 145
20 142
95 137
62 102
70 114
18 26
81 137
76 135
109 134
35 69
103 123
14 32
14 112
35 72
9 55
47 143
38 79
82 139
62 96
63 145
110 138
27 68
28 72
29 90
17 45
3 104
73 145
2 91
2 34
5 23
1 81
23 51
74 95
16 81
55 105
101 119
102 134
73 136
14 124
12 39
49 144
36 92
34 115
93 110
118 134
70 99
68 77
38 110
101 138
58 125
3 66
23 72
30 87
33 61
47 137
22 35
76 128
17 103
38 136
41 54
49 57
124 133
82 87
37 93
25 127
97 133
90 95
83 144
64 127
1 130
8 37
20 75
70 119
18 50
28 112
131 139
4 43
48 120
57 133
56 86
38 59
68 101
19 85
50 67
39 109
96 111
94 126
30 113
40 101
57 73
71 140
107 135
23 35
31 136
35 103
18 142
40 140
96 104
38 80
45 82
83 123
60 64
11 76
38 45
23 130
36 81
61 104
29 115
10 114
106 116
6 89
20 110
40 123
51 79
32 96
31 59
64 111
61 130
66 109
68 113
16 128
127 133
3 112
124 127
67 72
24 72
80 133
11 128
8 18
104 121
12 133
36 95
77 134
4 9
11 54
90 102
20 22
40 141
42 72
17 48
27 108
57 69
2 128
8 93
14 95
51 130
23 108
52 140
10 140
10 56
37 132
24 79
42 143
64 125
59 115
2 140
28 95
75 142
2 108
9 24
10 42
27 70
18 127
80 91
34 109
50 92
61 118
54 139
14 109
84 91
46 61
4 8
67 126
5 144
38 77
95 122
67 94
84 143
24 74
62 140
56 83
63 111
30 100
21 47
62 100
16 104
6 31
33 132
5 101
73 127
56 64
42 111
40 87
3 42
8 80
12 93
22 28
44 108
33 121
115 131
88 114
90 122
35 94
20 27
98 122
66 93
79 84
90 140
61 89
40 120
8 60
116 120
51 57
43 125
100 119
87 142
51 78
18 52
121 138
24 110
119 133
90 136
16 78
44 55
115 141
76 141
3 70
23 122
20 134
93 141
21 33
6 104
75 124
96 119
18 21
57 136
93 128
14 103
28 143
6 44
19 103
45 138
89 95
76 125
23 84
37 41
18 74
52 80
60 96
23 87
56 85
37 73
64 119
7 104
103 125
75 109
35 86
49 65
30 89
11 63
47 120
20 25
114 130
88 118
76 120
42 132
20 61
74 100
72 141
33 62
88 120
103 113
39 103
74 107
7 80
106 143
81 96
97 114
57 75
8 29
14 116
17 38
11 14
108 132
10 102
79 113
12 101
54 133
73 88
15 120
47 54
52 88
15 113
66 123
46 141
30 103
72 125
51 67
98 144
52 111
12 92
52 70
15 115
127 139
38 103
31 54
50 118
22 127
75 82
5 124
84 88
53 89
48 143
19 102
27 96
62 121
46 80
1 98
7 52
91 113
47 140
2 56
48 75
66 138
67 128
15 80
32 115
25 94
33 119
3 25
97 129
49 66
70 126
35 90
73 121
65 123
95 115
133 136
8 103
14 107
76 132
20 94
44 115
83 119
15 131
88 123
47 67
49 88
125 130
37 81
34 138
27 139
49 136
32 126
21 89
92 121
3 12
83 122
51 119
11 40
41 127
115 135
64 135
105 122
19 73
71 93
13 145
38 91
92 108
91 127
53 132
47 110
27 30
9 93
92 120
44 109
101 116
16 119
40 93
109 133
72 98
80 92
12 19
17 94
82 88
7 123
7 28
44 130
104 117
100 136
22 121
42 87
92 144
111 139
54 91
15 63
71 79
112 145
25 80
15 106
35 66
67 69
80 139
50 66
17 110
21 44
4 19
90 120
79 124
7 117
97 122
46 106
61 90
2 22
83 133
21 135
13 139
6 130
81 145
3 144
64 145
13 120
13 140
121 141
85 119
11 107
39 124
112 142
8 124
54 83
12 45
100 107
75 103
22 111
80 117
85 109
30 108
6 75
81 92
78 145
8 77
16 118
63 118
6 57
104 112
12 21
91 103
12 82
16 19
8 126
93 113
75 115
2 37
91 133
25 143
21 74
16 95
125 139
23 80
51 128
74 82
39 120
43 50
46 110
47 130
59 63
16 53
32 137
61 124
79 95
10 89
99 116
1 32
39 129
96 123
97 124
98 141
14 43
32 43
121 142
135 141
63 136
36 105
10 135
44 97
12 29
43 117
17 36
58 109
15 61
21 134
108 145
63 86
75 145
2 93
98 121
125 135
55 64
19 83
54 119
92 117
45 54
57 128
63 125
18 28
43 99
5 109
95 129
108 111
13 118
31 142
127 135
5 129
85 89
83 129
82 84
39 110
33 73
5 18
64 118
93 109
11 27
22 80
40 117
34 85
44 69
15 78
16 20
34 121
26 40
27 38
21 93
75 126
129 142
32 65
87 139
72 85
109 131
36 91
32 93
137 144
44 106
51 93
42 119
42 63
112 139
18 56
62 84
8 24
137 141
69 72
11 90
7 79
66 73
30 56
113 135
74 119
21 113
14 20
76 109
87 135
50 125
32 136
89 121
33 127
17 79
53 59
91 130
7 36
47 59
39 72
40 138
96 118
48 145
19 48
36 131
25 74
106 114
32 40
40 97
9 87
6 12
69 71
1 51
85 105
12 136
28 52
41 55
37 89
25 116
5 87
94 99
24 100
41 142
23 73
34 123
48 126
46 49
35 37
96 142
4 97
22 101
118 138
79 101
38 58
26 93
25 106
68 99
38 74
72 138
70 135
48 66
24 85
56 103
77 100
46 69
19 69
120 138
110 117
52 64
27 39
50 64
36 137
13 104
18 133
64 73
122 124
16 84
6 99
46 132
44 127
3 140
89 94
61 125
60 138
69 116
3 34
1 117
2 52
30 53
18 31
31 130
77 93
5 9
19 65
9 114
40 144
12 17
22 114
126 143
30 60
45 75
14 125
21 117
10 69
86 90
59 131
92 132
56 102
3 60
65 93
39 80
111 120
43 70
52 94
48 109
23 64
31 40
53 111
84 92
45 67
22 116
23 129
29 44
64 86
6 84
28 59
31 114
39 84
23 120
3 131
112 129
59 143
13 42
53 107
47 106
54 84
68 82
10 24
38 100
51 116
85 125
10 103
99 122
83 132
92 119
40 85
16 145
21 115
26 85
97 134
70 124
11 80
9 36
71 107
22 108
29 77
60 124
9 63
38 114
23 76
12 27
4 61
13 45
23 25
26 53
44 144
2 111
54 103
83 101
119 126
56 108
1 88
81 110
122 144
34 117
72 101
3 21
14 137
46 83
46 60
36 51
29 41
14 67
51 132
25 49
25 124
130 142
22 26
5 132
57 66
14 90
92 143
12 79
16 75
13 65
139 141
30 63
59 136
28 132
39 75
89 107
94 106
74 94
68 71
42 80
30 38
113 141
77 139
17 91
21 77
66 113
136 145
7 19
108 136
48 119
55 131
18 70
140 143
57 63
2 83
44 99
19 51
87 100
45 58
10 65
21 108
5 32
23 96
5 45
8 63
94 113
1 40
105 110
24 87
45 127
45 100
22 94
18 42
72 80
45 104
15 72
64 84
114 118
1 43
58 111
26 137
17 88
53 68
32 131
66 131
9 42
6 22
1 15
77 142
9 78
9 23
84 108
57 96
64 113
80 136
89 111
50 128
22 136
7 112
18 48
81 119
40 66
27 40
37 75
61 68
13 129
40 67
55 92
53 113
59 123
132 135
53 94
82 123
49 121
33 63
95 97
89 105
1 21
34 66
4 78
43 102
112 115
77 98
81 86
19 53
16 138
115 132
63 83
52 81
115 118
1 9
1 53
23 75
3 90
46 98
30 111
54 56
1 68
14 126
107 141
20 139
33 111
95 119
84 95
92 104
60 134
40 118
30 51
5 44
38 106
114 120
70 128
42 48
77 125
61 77
41 46
120 132
5 104
10 123
32 145
6 61
10 137
127 140
21 119
52 102
53 114
11 25
85 133
29 49
72 126
24 29
32 80
18 141
53 96
79 120
64 103
92 122
44 67
67 112
136 139
65 116
59 79
83 111
40 102
51 63
29 99
33 134
127 138
25 133
66 79
59 109
87 121
35 74
11 114
57 126
113 125
19 127
5 62
16 66
15 39
47 83
80 106
1 17
23 94
23 33
5 21
93 114
27 121
18 118
47 145
5 58
106 139
73 123
61 101
16 55
34 106
6 111
89 137
96 101
40 103
87 98
93 104
116 131
54 90
88 96
40 114
117 131
116 121
84 118
31 126
67 70
90 129
17 27
119 127
121 123
61 103
109 141
24 47
50 69
91 114
21 99
27 87
47 135
66 114
34 47
13 142
38 61
68 121
13 21
70 122
32 68
18 58
97 140
85 93
115 125
8 45
27 99
22 93
30 102
26 61
14 16
57 138
25 33
22 74
61 110
64 117
56 76
103 137
21 30
26 54
35 49
19 116
56 79
71 131
4 50
12 87
21 144
22 132
90 135
44 95
101 122
20 45
54 71
19 115
73 89
95 142
2 81
105 142
33 86
24 99
70 143
87 132
77 97
28 60
2 133
34 118
103 140
31 106
3 141
26 69
100 122
46 82
67 137
89 125
13 106
105 127
121 127
16 22
81 120
9 127
39 118
29 42
50 87
15 20
35 52
53 136
135 139
111 124
64 66
38 83
37 56
33 126
40 133
14 44
26 76
85 142
33 135
95 111
106 108
6 50
11 88
72 137
16 45
18 64
57 86
41 91
10 28
20 64
29 114
3 73
88 109
2 77
27 138
81 130
15 136
51 62
26 57
52 100
89 129
123 128
28 76
9 16
3 26
106 123
13 116
22 144
82 138
52 73
24 93
23 41
58 64
1 75
61 114
2 70
18 93
20 48
25 101
3 35
71 89
40 55
112 124
28 134
2 102
1 45
98 114
34 131
88 121
34 73
29 123
108 123
21 105
73 87
4 138
55 62
16 142
34 48
88 127
3 88
44 119
95 145
21 91
80 137
71 136
5 56
23 115
27 90
79 123
6 142
46 100
1 36
55 112
129 133
2 66
63 112
3 91
92 102
45 95
70 136
54 80
34 102
46 75
79 136
14 142
54 70
39 105
18 40
87 131
63 128
34 135
16 60
65 72
8 64
23 145
12 134
33 53
90 121
7 38
32 47
101 115
37 66
37 63
18 92
13 71
4 65
56 61
41 74
64 131
81 127
88 139
41 116
63 99
86 99
19 139
28 62
96 144
24 111
50 134
117 130
41 44
102 141
93 123
11 118
60 108
54 125
88 97
57 123
58 87
63 140
30 75
30 82
100 120
94 125
65 82
45 141
91 124
57 109
9 14
61 133
13 119
119 124
64 132
62 110
27 110
106 115
54 78
23 27
81 143
39 46
56 93
8 83
53 145
47 50
71 130
36 96
21 49
63 104
120 133
1 61
25 115
18 96
36 104
53 78
108 135
29 64
34 127
72 79
14 120
36 58
120 141
30 70
9 32
8 75
36 126
2 75
12 18
38 48
24 42
22 110
49 74
60 145
50 102
90 103
34 84
12 16
2 97
65 122
32 107
90 92
89 101
111 126
36 133
24 128
95 134
77 86
26 108
38 53
19 140
8 26
56 119
76 104
52 69
37 61
51 88
16 26
91 137
33 71
50 82
98 120
13 143
39 138
47 116
9 116
21 124
58 72
98 115
62 123
93 125
118 126
119 140
80 116
64 137
50 80
75 84
9 13
13 121
78 109
62 68
23 30
22 67
51 101
45 78
55 134
9 141
14 62
97 107
56 113
89 134
34 130
130 141
32 117
3 44
3 58
54 111
118 137
55 107
34 89
34 42
33 45
42 79
29 95
107 140
36 125
103 141
40 143
67 127
106 119
88 95
55 88
107 129
5 125
77 117
12 34
4 100
19 122
1 116
83 130
120 134
78 135
122 129
73 75
76 107
9 51
93 115
32 63
73 110
91 139
89 102
6 101
73 117
17 71
22 76
53 106
102 143
58 86
54 79
24 59
51 96
69 111
60 137
55 57
10 106
44 145
20 57
87 118
61 108
21 143
88 126
7 87
44 126
17 41
4 10
21 48
40 82
76 122
34 60
31 116
72 97
68 94
103 115
50 73
91 120
8 135
13 84
72 133
12 26
54 108
52 98
8 108
21 53
20 37
40 48
78 119
62 95
33 94
139 142
123 132
111 122
59 110
72 83
76 127
99 139
56 63
108 110
30 144
83 135
59 128
33 124
56 109
60 92
50 94
103 136
92 100
33 83
42 62
42 46
11 33
49 134
77 124
69 128
10 31
40 94
3 119
32 92
59 113
52 62
7 14
103 133
8 19
136 140
43 128
64 97
122 132
11 100
9 136
85 110
42 56
48 127
32 144
22 44
28 57
51 112
5 48
82 114
24 94
39 101
115 121
90 96
32 45
19 31
26 44
37 145
36 89
92 137
58 66
48 58
113 124
15 59
93 142
47 65
3 18
67 138
39 85
120 136
89 144
25 65
13 117
28 138
23 31
67 76
36 93
61 123
79 93
17 59
52 96
49 127
71 104
36 83
10 98
22 124
19 97
64 142
51 98
75 144
25 98
107 117
68 138
24 96
68 134
61 137
45 63
85 87
48 84
63 78
97 117
73 135
58 70
52 71
27 75
18 102
50 57
106 121
52 125
77 111
14 131
8 50
87 96
53 55
46 124
67 90
10 139
38 64
30 124
58 137
15 96
5 96
55 124
86 142
29 138
38 68
19 78
37 128
32 102
2 138
103 134
43 123
57 119
53 105
73 92
26 65
64 96
35 77
12 14
61 128
61 139
79 86
9 61
34 79
39 104
8 98
50 58
70 116
25 62
75 108
39 66
37 44
17 46
67 142
29 144
36 86
84 136
45 106
43 51
21 72
61 112
49 80
7 124
38 67
19 71
42 124
29 72
27 84
101 124
57 107
26 101
39 86
88 116
19 124
16 97
1 52
35 47
29 85
99 144
66 111
107 110
31 87
21 128
15 67
50 144
47 57
98 134
41 57
12 141
47 126
57 64
42 113
30 54
51 136
39 114
4 22
79 127
76 142
123 134
51 102
8 58
77 96
55 66
14 93
15 34
9 92
65 97
50 81
92 129
74 115
37 74
35 75
36 145
55 60
20 33
5 106
21 23
28 41
107 131
40 136
12 25
11 102
85 120
6 134
17 40
26 116
111 119
28 109
57 124
89 139
106 133
34 92
96 131
18 62
1 16
44 63
12 112
43 59
15 144
65 76
66 76
4 114
1 8
44 88
39 117
19 28
33 113
78 93
15 22
5 113
37 121
20 67
2 42
17 132
26 121
58 76
26 138
14 41
60 100
22 34
40 58
115 134
76 110
99 113
6 127
61 102
11 82
69 83
41 140
20 97
77 101
4 55
109 144
43 145
34 53
48 96
31 36
59 82
99 105
4 122
5 12
12 95
31 41
34 142
3 69
6 40
26 102
26 132
8 119
43 140
2 121
32 42
61 120
56 128
22 123
8 28
6 113
49 52
68 97
63 102
50 121
49 75
51 121
21 76
79 130
24 113
9 107
15 28
14 136
75 118
47 86
14 57
43 49
57 74
1 124
132 144
66 97
21 137
92 125
41 89
27 37
9 106
37 126
51 143
14 79
29 124
25 32
46 86
71 73
71 114
42 107
42 77
139 144
9 83
27 29
73 139
68 139
59 133
47 128
17 77
20 44
91 99
30 76
128 145
68 93
22 40
5 20
37 45
26 139
33 140
86 132
110 140
71 126
69 107
108 120
18 136
43 126
109 126
71 142
66 98
20 60
9 64
22 66
109 124
27 51
76 92
40 50
34 77
20 141
114 140
8 137
2 60
70 117
42 100
91 112
64 104
21 85
7 12
23 54
53 143
2 135
120 125
73 77
9 57
39 42
104 113
4 91
48 113
43 76
71 76
70 102
35 62
16 94
27 43
65 89
102 118
99 131
97 143
6 105
39 136
116 145
25 41
34 111
130 133
12 126
66 135
90 113
4 113
43 94
75 132
77 126
59 69
51 131
47 119
49 82
32 37
10 143
63 66
11 69
80 89
6 9
122 133
1 42
61 63
22 36
28 82
28 63
91 145
16 33
86 96
40 59
82 89
13 36
2 98
118 120
113 138
27 32
50 123
24 61
70 123
38 143
15 134
93 101
3 132
15 141
22 82
52 104
74 109
32 39
64 98
58 75
55 70
60 88
17 87
9 86
3 38
41 119
90 124
45 76
129 135
13 77
70 93
52 143
109 145
131 141
87 133
34 36
5 36
70 90
78 130
46 134
42 90
107 124
56 78
70 142
48 137
17 64
3 84
11 129
52 83
57 92
104 145
14 101
35 122
7 25
64 67
13 43
11 92
70 107
56 96
36 129
43 75
43 133
68 126
19 109
6 66
86 103
47 55
47 80
86 143
72 88
5 94
44 76
98 143
61 72
20 95
39 123
60 65
52 78
114 134
86 93
79 135
45 73
107 111
19 22
73 78
3 107
9 19
90 127
7 68
32 111
58 68
58 106
127 145
119 123
2 82
38 122
1 97
85 116
138 145
60 116
131 137
33 46
43 83
61 136
53 62
14 113
4 14
107 138
34 128
108 138
86 91
56 104
1 140
97 126
16 87
20 70
44 132
76 87
86 119
38 47
12 84
18 63
56 58
76 86
36 115
66 126
92 113
90 133
30 134
49 118
49 58
19 114
71 103
21 132
76 78
83 110
3 33
94 139
40 56
8 68
83 136
78 133
1 138
28 116
30 105
88 99
10 63
40 142
62 89
19 27
60 69
72 111
73 106
59 72
22 51
4 85
37 107
5 73
6 47
70 134
85 144
20 101
105 139
14 89
106 126
17 29
50 108
55 113
65 73
103 126
64 138
109 111
19 47
4 36
23 39
98 129
73 134
4 135
37 96
17 63
50 129
63 121
64 110
11 130
8 109
2 84
74 143
34 124
47 99
3 87
36 114
23 98
17 145
111 115
74 121
110 141
44 84
111 113
58 60
84 135
59 99
87 112
47 133
53 100
7 41
1 25
40 132
12 110
25 27
56 74
11 125
8 116
32 127
47 71
42 78
7 11
35 123
20 143
56 60
41 111
52 131
12 114
37 113
16 68
4 115
77 112
65 117
85 102
50 75
80 87
97 109
38 82
24 37
96 100
28 89
23 79
95 109
29 69
28 67
25 70
39 122
4 139
12 129
15 69
60 78
28 106
4 95
69 77
34 86
85 136
28 77
13 60
29 70
95 124
100 145
34 107
94 112
43 109
56 72
44 139
22 120
68 91
85 140
9 139
114 121
77 82
26 128
60 113
123 145
78 107
23 46
39 128
17 22
12 60
24 137
3 126
95 102
130 132
4 38
58 108
23 77
73 100
9 100
88 117
62 107
63 65
87 109
10 41
64 93
6 86
123 133
56 99
30 39
5 145
2 78
48 103
81 138
73 80
6 19
119 142
10 105
69 106
9 90
63 110
53 110
34 61
34 44
31 129
27 112
60 71
5 115
116 141
48 55
11 134
67 97
116 143
3 54
66 145
15 53
10 87
67 144
5 93
35 109
69 93
20 125
2 120
15 58
56 67
109 136
59 76
96 126
61 69
83 118
101 133
74 78
32 143
43 107
10 96
1 113
68 79
13 138
118 139
33 84
58 92
75 102
57 116
10 20
87 101
129 131
27 94
9 69
69 143
89 138
87 108
32 83
41 120
20 106
23 59
85 111
93 106
30 117
61 126
20 123
34 46
77 141
58 71
77 122
36 103
60 101
33 115
94 132
92 115
14 40
57 100
43 135
8 92
84 107
112 123
55 122
9 126
37 114
27 56
3 81
66 99
35 140
98 130
50 116
64 108
53 139
23 69
80 118
46 70
40 122
4 118
14 139
46 90
83 92
122 141
54 142
37 94
27 31
101 135
7 15
52 109
48 133
113 143
68 92
19 62
13 81
66 107
16 62
7 66
34 125
50 91
92 136
63 90
16 56
4 108
121 128
31 109
63 123
22 58
42 118
68 100
19 29
57 121
73 107
90 132
75 86
13 134
68 115
78 131
12 54
84 104
49 84
16 90
70 86
35 117
50 63
43 108
5 86
24 123
99 138
33 106
63 131
58 88
33 100
7 65
108 112
72 134
62 87
5 74
81 98
34 105
34 57
3 13
51 127
6 139
71 139
70 118
33 108
3 79
23 103
14 68
99 142
25 128
20 82
104 122
82 99
66 74
29 38
58 121
13 29
64 92
85 92
62 137
11 56
26 63
7 63
129 145
72 144
4 31
2 18
21 122
70 79
99 110
64 120
53 118
68 142
50 89
45 65
79 121
1 47
22 86
46 144
112 117
21 50
7 84
10 93
111 136
63 103
44 46
82 90
10 26
57 142
6 48
10 76
2 51
23 60
24 54
51 87
75 127
33 65
75 130
47 101
86 135
2 96
2 10
68 102
83 102
1 20
4 133
138 141
45 110
27 54
72 75
62 67
4 41
124 145
30 106
45 109
30 120
61 66
121 136
119 145
29 32
96 115
6 106
31 102
36 84
69 90
21 59
57 78
52 84
50 68
66 77
46 95
141 143
83 104
42 115
18 115
76 100
11 140
65 95
105 111
80 107
24 129
46 120
23 66
44 102
59 97
49 110
66 71
111 129
2 109
2 92
101 130
62 79
25 121
30 135
34 98
26 73
77 94
101 112
60 66
37 141
79 111
50 62
35 89
24 130
15 77
108 114
3 68
48 101
124 135
92 135
23 86
62 93
6 17
44 79
5 71
47 79
63 119
18 27
38 94
75 140
26 91
13 32
39 90
123 135
9 21
23 95
5 84
4 132
13 83
100 137
4 70
64 140
85 141
55 95
80 120
57 87
22 72
6 45
25 50
96 124
68 143
4 103
8 32
2 47
5 19
77 103
37 124
72 109
57 94
48 128
24 118
99 136
29 106
10 35
80 96
61 91
11 81
81 139
19 72
72 93
14 143
41 67
16 134
27 113
9 15
25 40
107 133
79 103
26 34
17 116
55 73
2 59
24 102
73 76
71 97
27 88
107 134
18 55
63 88
10 72
58 140
14 21
2 28
106 132
40 74
93 139
61 73
42 53
50 86
112 133
4 93
92 118
15 70
27 98
98 135
10 129
21 100
18 122
13 20
89 99
104 134
19 39
47 77
12 119
25 53
80 123
32 98
75 83
120 144
99 137
9 38
8 133
103 118
63 107
87 143
15 129
62 97
11 23
16 116
63 97
27 49
67 129
73 137
117 128
25 139
10 44
36 100
50 120
48 123
64 95
15 81
22 106
45 123
40 135
63 144
84 117
78 99
67 93
59 114
98 127
72 129
100 139
11 64
54 66
95 125
9 62
11 44
1 141
3 36
46 101
35 137
57 103
30 125
54 100
30 37
111 135
15 50
16 101
11 137
29 131
9 109
13 23
39 83
13 128
70 98
105 131
101 110
106 138
22 102
50 133
74 116
5 137
73 111
114 119
2 63
28 31
14 86
19 145
113 137
10 101
27 34
79 119
37 138
48 54
89 132
70 105
3 49
17 137
35 40
108 117
9 73
26 134
93 144
6 73
49 142
18 53
3 16
24 103
1 111
37 104
37 58
11 28
39 143
49 100
16 24
2 134
24 97
80 85
79 131
22 130
48 99
10 16
43 120
41 93
39 115
35 88
104 130
24 86
65 109
81 105
32 48
33 36
27 142
115 140
2 7
32 55
28 125
39 134
36 111
31 66
45 140
43 138
91 134
29 54
8 47
93 135
21 43
19 87
73 98
55 127
92 139
73 86
4 125
8 61
42 52
1 114
52 133
133 142
88 93
74 144
5 60
63 73
16 105
74 141
16 106
40 95
97 106
44 131
31 38
25 57
61 113
104 142
111 142
52 68
17 56
24 121
81 122
5 59
44 140
9 85
41 141
10 84
44 100
26 142
70 81
48 70
38 133
1 38
105 128
62 109
11 66
8 33
91 122
5 80
6 108
5 47
69 133
31 70
101 114
13 57
34 75
64 130
71 110
104 111
12 100
32 97
12 44
102 133
87 126
58 107
6 21
20 30
10 74
27 106
109 142
73 129
80 109
49 116
118 131
59 104
78 121
26 89
28 80
112 119
22 112
101 132
105 109
6 59
94 142
84 113
3 30
93 145
44 134
44 98
22 55
56 131
62 113
11 109
44 138
12 49
77 140
52 60
109 143
9 35
75 99
11 142
22 143
3 63
6 90
97 128
52 122
75 105
69 95
1 137
4 62
77 92
109 123
31 80
13 132
113 131
119 139
117 141
21 101
103 105
90 118
18 65
101 126
11 68
14 19
41 129
74 76
103 142
16 121
98 137
70 139
22 107
25 129
26 88
14 122
60 74
12 99
86 121
25 103
130 136
6 13
70 95
62 119
4 23
55 97
67 95
9 98
23 101
9 70
103 130
75 100
76 145
59 127
80 140
59 61
38 44
79 134
17 83
14 83
75 87
17 70
71 87
3 134
13 35
119 125
75 91
18 51
21 60
79 139
5 114
91 135
26 51
47 129
8 76
37 40
21 94
82 136
31 64
55 77
116 130
38 125
121 132
71 144
12 124
4 52
8 74
23 38
13 50
11 71
13 108
116 119
24 66
15 48
13 96
84 99
82 105
46 76
49 124
5 143
36 132
59 66
27 72
20 103
67 139
62 138
27 33
8 62
76 114
74 134
11 30
29 67
68 116
6 128
15 43
5 50
85 114
17 42
7 129
29 74
46 136
5 10
35 91
20 28
76 129
109 115
4 109
23 134
80 83
62 124
104 115
25 39
74 86
28 93
31 39
56 112
15 107
1 31
70 92
16 123
22 39
53 125
66 101
44 66
29 93
12 64
43 54
66 133
7 69
34 95
105 114
29 142
28 39
103 120
12 51
36 109
61 83
19 38
100 105
29 109
26 58
87 91
37 39
86 88
119 129
85 113
14 100
7 58
130 138
35 60
10 50
111 134
21 39
50 139
17 76
32 50
76 83
86 102
92 98
6 125
22 103
26 97
54 116
21 145
31 138
8 54
58 78
23 28
13 47
39 67
68 122
33 57
88 140
128 138
42 104
33 74
80 124
57 102
61 93
43 87
67 123
112 134
12 58
28 64
56 77
42 99
78 117
20 133
106 129
42 45
80 98
13 24
5 78
101 111
55 109
30 101
54 104
12 41
91 117
11 16
40 139
9 115
29 39
70 120
45 62
69 73
51 59
1 56
66 117
3 31
96 109
14 61
29 137
7 83
64 100
3 110
5 35
34 134
72 91
27 47
85 143
59 70
131 135
66 134
26 124
58 100
14 18
51 97
99 111
95 104
8 106
75 98
71 135
87 127
8 107
26 45
70 138
30 55
104 131
23 74
97 104
74 128
69 89
70 97
4 76
12 23
13 110
22 129
80 101
37 136
6 34
10 75
42 55
17 25
42 88
2 32
84 87
52 119
58 99
19 117
92 111
35 118
74 90
72 84
37 105
35 43
1 104
11 139
51 71
16 41
128 131
17 69
93 136
35 106
25 126
140 142
9 117
91 115
88 130
8 55
98 136
76 103
129 132
76 82
115 128
119 141
25 37
27 145
7 140
111 140
55 114
7 108
122 137
51 124
118 136
27 128
100 110
21 96
105 132
27 86
22 98
9 45
51 120
11 93
27 92
40 131
9 20
107 143
61 131
6 24
104 132
45 87
12 71
61 87
120 142
69 74
15 30
21 35
15 68
5 117
85 123
17 142
65 75
75 114
17 55
55 106
64 85
1 87
8 39
6 41
3 56
18 44
34 93
90 106
35 130
66 127
65 111
55 91
19 86
10 70
28 45
98 110
6 145
94 138
21 73
26 127
1 110
62 120
38 128
4 69
39 74
54 74
5 41
51 104
83 95
88 107
74 111
13 61
15 97
44 56
61 74
69 97
99 145
71 105
107 112
24 65
84 105
14 24
107 126
50 65
44 59
73 112
38 62
38 86
64 76
32 59
82 125
67 89
34 137
6 58
6 92
25 81
95 133
63 106
52 135
96 107
33 105
54 145
62 118
102 117
50 119
29 51
112 127
18 87
41 78
29 84
28 92
16 30
83 125
20 24
52 72
44 49
32 91
11 72
126 145
47 82
2 94
43 89
24 84
43 111
28 61
95 107
18 49
25 135
17 60
5 92
11 31
13 137
84 120
122 134
20 107
66 102
7 67
106 113
1 103
102 116
79 82
10 104
33 103
44 112
97 142
54 138
49 92
103 138
49 68
108 142
28 85
15 66
13 112
24 131
17 112
67 145
88 119
67 121
15 27
20 108
3 145
75 96
85 138
3 129
60 141
83 89
2 69
74 114
70 106
61 80
50 137
64 136
55 61
57 112
81 129
7 122
57 105
117 142
105 116
11 97
39 49
72 119
70 110
48 102
43 116
56 81
30 66
47 49
2 142
40 130
77 121
75 104
25 141
12 47
123 130
74 138
26 111
8 66
81 107
22 131
46 87
12 138
93 99
8 69
1 41
41 84
8 23
95 117
104 140
32 109
14 106
56 62
3 62
73 81
62 129
92 128
30 62
57 85
41 81
80 97
55 126
85 117
66 95
7 10
44 93
74 132
8 73
33 64
99 140
59 130
90 142
20 80
72 113
49 102
54 87
84 141
89 120
28 47
39 145
28 87
2 131
76 133
1 139
66 106
73 79
109 118
23 143
66 104
4 34
4 105
19 111
46 55
76 131
86 114
50 105
15 83
76 137
5 38
52 59
82 86
43 73
119 143
87 104
133 145
14 53
127 137
9 91
33 51
37 65
5 15
45 79
39 121
40 145
84 125
88 133
32 125
126 139
20 105
18 83
11 55
43 119
23 138
52 97
36 90
9 80
13 64
93 105
10 95
11 127
11 22
20 140
6 81
22 48
82 116
42 64
65 68
13 63
92 95
65 80
31 43
122 140
66 85
43 91
125 134
46 122
51 60
45 83
93 121
86 109
17 126
38 115
42 129
38 65
30 35
41 43
118 144
108 134
79 96
77 133
29 100
29 121
26 126
49 76
85 100
47 123
51 114
2 113
14 34
56 121
49 133
1 22
14 27
41 143
37 112
18 144
8 101
3 120
82 110
34 103
13 73
42 83
49 99
28 33
78 97
1 54
20 112
113 128
32 114
74 106
100 118
34 104
13 70
76 97
33 104
89 130
31 62
57 111
34 88
1 44
40 124
21 102
10 49
12 83
32 88
80 105
76 113
13 115
43 64
35 111
103 111
16 122
100 116
116 140
103 122
136 144
39 50
84 128
12 24
28 48
10 64
65 83
1 131
56 120
1 118
49 132
112 116
58 62
107 125
82 117
37 130
29 128
56 91
10 36
7 139
89 115
53 112
28 84
10 43
33 110
77 80
19 40
20 89
101 106
90 119
15 93
14 37
97 135
6 93
60 107
66 100
116 139
56 68
94 100
56 88
49 113
21 84
26 37
123 138
27 118
15 18
24 106
80 138
66 94
2 116
30 64
56 124
88 122
65 78
8 31
21 136
11 39
16 111
70 96
9 123
96 116
51 84
2 114
91 97
64 68
20 63
9 44
33 90
93 132
4 129
13 74
39 62
11 91
95 101
31 69
27 42
43 56
108 115
102 140
94 110
110 145
2 115
17 35
96 128
25 63
4 67
13 56
19 24
28 94
125 141
72 139
38 40
81 103
110 142
83 93
8 67
24 49
7 103
90 130
11 116
26 115
80 88
28 96
91 141
76 105
92 107
44 83
31 141
13 98
108 113
26 81
36 69
70 89
18 47
54 136
88 112
63 87
30 104
39 116
15 121
18 95
20 102
53 128
71 128
3 113
42 89
44 143
4 140
87 89
71 81
8 123
6 143
33 60
2 15
38 111
35 107
60 90
71 85
70 121
73 108
28 99
30 42
14 58
87 122
84 112
44 128
38 98
3 115
85 104
38 93
24 101
57 135
25 125
93 117
136 138
36 98
52 113
15 95
62 125
4 96
54 98
75 95
114 133
58 127
69 98
41 115
35 93
51 95
62 90
69 114
56 71
129 139
7 100
39 77
7 61
4 136
88 125
66 122
72 108
18 120
8 88
35 99
41 124
74 98
84 103
18 86
34 116
30 112
97 123
12 76
43 137
73 104
25 122
120 123
48 97
83 134
15 94
115 120
37 135
91 126
17 75
19 134
124 129
11 95
13 95
2 88
86 94
90 128
33 123
11 60
58 103
25 113
52 55
113 116
38 109
111 128
4 83
104 125
30 116
26 144
7 116
71 84
51 126
12 52
53 119
36 117
7 118
64 90
50 107
10 17
7 48
129 144
110 119
127 132
99 130
36 52
134 142
5 77
1 143
33 55
16 82
112 122
74 120
17 72
5 102
51 129
14 99
15 74
11 78
6 35
28 98
41 60
43 80
4 106
3 29
29 136
29 68
66 119
44 92
25 114
50 142
10 90
37 67
81 140
9 113
46 99
9 66
91 98
113 120
22 64
52 115
48 56
35 102
47 124
91 119
6 77
119 131
18 132
75 88
32 113
15 110
10 80
39 98
10 19
51 141
118 133
40 65
127 130
61 141
9 130
91 132
11 73
84 102
26 46
101 103
49 105
32 99
76 79
83 105
12 37
9 132
31 93
90 117
56 90
122 145
69 132
91 144
22 65
124 143
86 128
16 31
72 90
90 145
25 60
99 117
38 113
49 131
44 111
43 46
101 118
92 99
70 72
18 131
83 115
114 136
61 82
35 54
7 33
18 104
25 132
40 49
15 85
107 114
18 89
82 111
71 122
50 126
78 80
32 87
134 139
118 127
99 132
12 120
43 114
27 64
17 47
41 126
75 77
9 71
120 130
7 21
19 35
1 71
44 85
48 73
22 97
113 118
20 74
31 79
66 142
52 85
13 40
40 115
32 49
55 145
22 71
40 104
101 142
23 78
44 52
54 131
24 26
27 115
107 121
26 79
66 81
58 130
64 80
84 110
71 129
83 91
33 137
36 67
18 29
53 97
114 132
71 102
34 52
33 87
48 53
29 139
97 105
80 125
59 77
44 60
99 102
96 120
14 56
17 78
7 78
51 55
12 115
44 48
30 133
78 136
5 27
102 138
72 127
91 142
85 124
27 93
67 130
54 137
36 99
42 103
49 69
69 145
7 132
24 133
37 86
106 109
26 96
117 127
22 125
40 64
2 20
46 63
110 144
44 136
41 97
58 144
100 133
62 65
53 131
69 121
35 81
110 125
56 106
3 75
97 130
88 128
2 73
82 108
1 99
80 104
49 96
14 46
124 131
88 104
93 120
56 134
67 79
39 56
28 129
40 88
28 104
59 74
9 101
79 112
35 139
65 90
22 89
14 133
69 129
108 130
58 142
87 110
90 138
13 51
23 32
69 134
4 48
64 134
13 97
46 56
9 68
130 145
22 87
66 140
25 54
60 115
17 93
77 129
74 80
34 113
22 61
71 124
109 137
17 130
29 130
71 137
9 124
88 142
19 143
99 104
63 98
51 66
78 126
63 68
55 59
51 103
58 134
68 104
63 81
77 106
105 133
44 104
90 115
113 119
15 54
47 107
1 83
16 130
76 99
18 109
24 139
34 101
102 120
48 72
25 45
18 67
102 115
95 136
7 126
58 63
103 144
47 70
35 133
96 130
24 45
68 141
21 24
12 55
73 120
2 31
36 77
58 94
35 143
43 144
36 43
55 96
18 66
9 41
59 126
13 78
106 120
16 98
19 137
16 38
13 100
7 16
17 51
68 112
66 103
55 90
40 76
93 127
100 104
16 144
43 86
18 79
28 53
76 94
47 95
93 111
14 36
27 111
99 129
28 66
95 108
6 65
58 61
86 139
26 110
114 143
47 56
3 77
29 53
19 136
44 113
6 97
95 135
74 139
12 65
6 30
14 60
106 124
90 98
100 131
17 96
30 47
4 123
77 119
122 126
74 87
26 118
6 55
44 57
10 120
121 135
109 127
69 141
9 77
4 33
9 56
111 141
49 53
13 72
59 125
53 98
16 65
52 66
59 81
3 48
36 113
39 51
111 127
17 74
39 81
11 24
68 124
60 106
76 143
119 136
15 73
52 92
15 91
95 128
36 38
26 107
12 118
12 96
24 27
4 56
53 92
39 79
54 96
3 55
58 81
44 80
74 103
55 89
10 134
74 97
55 80
15 42
4 94
86 136
3 17
78 111
51 91
5 138
123 129
19 81
94 118
49 112
7 24
32 142
28 114
74 112
5 103
107 132
52 129
51 111
23 110
58 97
41 125
77 135
35 42
25 110
4 57
13 28
11 89
42 116
26 28
2 6
19 57
5 85
71 111
23 99
1 100
66 132
51 77
37 62
118 122
128 137
56 84
12 62
36 143
27 44
117 123
45 69
67 83
99 103
7 70
65 132
30 36
17 108
20 29
66 88
12 46
17 97
23 45
20 42
4 116
16 96
131 142
92 106
1 76
12 89
20 111
61 76
1 73
85 145
16 89
9 25
27 36
31 89
3 123
134 140
19 36
8 125
34 97
1 145
55 71
38 97
25 119
24 70
44 122
91 108
41 76
109 129
71 92
63 133
1 62
49 120
108 139
11 26
59 106
72 110
77 91
13 103
105 144
130 140
35 97
24 144
32 79
48 95
42 105
53 81
117 133
105 145
7 119
2 27
20 62
46 118
55 85
70 137
1 144
27 71
39 108
8 53
20 39
4 101
38 107
22 128
54 101
78 120
41 52
89 91
45 134
40 77
69 119
73 141
81 88
22 42
119 130
41 53
83 98
69 78
25 48
41 87
4 111
14 49
86 108
59 71
30 77
47 78
21 90
14 66
16 120
130 137
2 48
55 135
48 131
86 98
32 56
99 134
21 130
43 67
54 72
23 131
73 114
93 98
6 91
37 144
11 50
52 106
49 51
63 124
11 119
39 69
31 74
74 88
19 129
75 128
31 105
92 142
104 138
99 127
92 97
110 130
70 100
109 138
63 71
8 27
110 123
76 124
53 135
36 71
16 61
80 122
20 124
99 106
2 64
63 122
14 25
25 89
69 82
21 111
54 77
135 145
82 100
67 118
52 54
41 107
63 114
42 67
37 131
100 115
69 140
106 112
31 56
17 125
54 76
32 81
68 70
50 135
65 126
67 135
19 105
58 90
13 18
73 122
41 113
68 80
19 41
97 102
103 132
37 101
50 70
80 112
14 52
43 131
70 133
19 126
42 135
35 73
52 120
14 78
91 118
102 106
112 135
39 113
12 102
29 119
55 128
8 10
21 139
50 74
59 140
59 87
117 129
60 118
30 32
16 109
88 138
10 53
55 120
92 133
18 145
77 88
33 77
99 133
44 116
89 117
8 102
39 96
35 79
5 24
1 115
57 84
74 108
104 127
23 114
26 68
11 105
45 71
81 132
51 94
38 57
29 87
54 143
11 29
65 106
5 76
43 77
34 40
59 134
8 87
35 59
27 85
28 126
68 128
50 85
17 65
34 72
66 129
79 90
67 96
133 141
88 113
20 119
76 116
63 116
5 42
8 35
69 100
72 81
71 109
3 135
39 48
56 117
7 45
39 92
43 63
38 96
46 77
6 85
83 140
53 141
17 105
7 143
44 50
32 71
77 113
24 90
45 68
38 99
1 112
48 83
130 134
16 80
17 19
103 143
52 117
19 75
34 81
113 130
20 38
59 138
28 70
101 125
75 134
85 107
115 138
22 43
77 138
2 5
30 57
33 97
119 137
16 27
47 63
20 36
93 134
77 87
48 115
71 77
11 36
56 114
40 70
17 62
43 100
7 90
19 100
82 137
31 133
90 134
12 94
71 143
132 140
49 55
27 50
28 141
75 123
35 58
94 145
36 107
75 92
20 87
2 74
66 72
3 28
35 105
66 70
10 107
53 60
25 100
58 67
60 105
75 117
88 98
84 100
125 136
40 99
70 130
119 144
30 48
58 89
103 121
15 75
131 133
41 64
15 49
80 141
21 68
78 134
24 75
24 82
18 59
106 141
68 84
119 121
51 74
62 73
86 144
2 58
102 110
33 50
111 123
9 53
7 86
120 135
106 144
42 61
49 56
44 107
7 27
28 110
5 100
41 63
6 141
117 132
4 102
26 29
45 98
46 50
1 46
12 57
44 90
18 25
62 72
138 143
25 145
58 79
51 82
11 47
20 69
30 72
29 71
4 117
83 100
35 57
52 114
47 103
68 107
5 135
78 144
56 98
89 100
1 90
32 101
42 139
27 52
7 98
16 136
65 86
13 39
29 73
46 125
79 83
18 33
8 120
10 62
22 126
1 7
8 145
11 17
27 129
95 110
110 143
14 135
5 130
4 142
3 117
50 130
37 108
53 104
13 92
10 52
34 122
73 128
26 72
2 80
82 135
112 128
39 100
109 139
16 59
22 52
10 118
60 63
10 48
111 117
57 89
100 106
95 105
5 70
16 86
27 137
32 116
24 134
66 141
32 35
2 33
49 81
57 76
41 135
41 122
37 133
66 144
4 17
106 131
21 29
4 119
14 97
35 129
64 78
49 83
70 104
86 92
34 80
92 141
94 116
19 94
124 137
44 121
1 70
2 103
22 57
76 134
49 77
32 90
22 70
23 109
46 128
35 125
2 79
23 70
114 124
22 135
10 66
37 115
15 79
68 144
108 121
9 89
74 92
73 126
4 81
17 30
94 131
12 63
25 90
37 80
50 113
40 112
71 119
40 46
20 113
51 85
35 115
87 144
21 79
19 25
78 85
66 115
73 118
24 55
2 61
44 91
6 126
4 58
76 139
13 135
44 47
20 71
4 40
66 89
15 139
47 85
33 38
42 145
12 144
49 126
25 87
68 75
100 112
71 134
31 98
10 132
44 72
38 54
31 111
37 106
37 90
3 114
5 17
14 98
36 80
53 64
30 80
76 96
39 112
133 144
24 48
45 91
47 97
19 68
25 120
11 101
44 117
9 94
15 103
28 130
7 64
4 71
5 136
40 129
17 23
11 51
76 108
2 105
6 53
31 99
85 88
3 94
83 86
18 80
75 93
17 106
27 117
67 141
9 48
115 139
29 143
4 16
10 133
42 123
60 83
81 99
15 138
55 138
99 128
31 113
19 45
84 130
5 29
56 111
71 86
47 53
3 133
20 73
67 115
1 142
30 114
96 105
44 101
15 57
14 22
60 140
13 91
53 99
130 144
25 84
34 91
72 131
35 84
82 142
7 109
118 129
27 83
8 91
27 35
19 63
16 43
50 56
13 87
64 101
33 145
8 12
34 63
116 138
16 71
52 112
72 122
114 131
69 75
91 143
98 106
108 124
10 46
35 64
83 145
11 32
62 131
41 144
78 87
26 59
41 104
17 107
61 138
6 109
128 136
61 70
10 47
10 79
16 103
32 123
57 82
104 136
24 98
19 141
65 131
30 78
14 118
127 131
58 69
42 114
40 108
94 127
45 70
32 120
100 144
37 51
48 86
89 133
18 82
112 130
41 114
44 73
114 117
35 44
88 102
50 59
27 136
7 121
25 134
43 122
22 119
63 95
29 59
117 120
48 108
47 105
97 111
5 30
27 66
37 127
32 66
18 77
38 145
1 72
33 42
102 144
53 70
80 82
17 144
55 123
31 63
103 131
43 139
6 14
12 35
11 79
52 86
16 77
65 67
23 118
73 95
76 130
18 22
27 73
36 48
7 135
62 70
71 113
103 124
31 78
68 76
88 144
68 131
28 97
134 138
10 108
72 78
13 33
31 35
28 71
55 78
54 126
57 72
26 35
3 109
112 114
21 95
18 111
53 140
26 99
42 84
11 48
26 36
25 83
50 103
18 35
46 67
11 96
28 51
36 94
19 99
47 76
23 139
45 50
44 94
29 122
60 135
79 129
3 23
14 42
48 124
7 50
12 74
31 55
111 138
36 144
15 60
41 108
8 49
79 128
42 97
5 64
74 93
14 84
97 101
12 142
19 96
22 50
48 129
37 54
41 132
14 91
83 128
18 69
24 141
72 114
55 83
20 144
93 107
14 31
6 103
3 27
65 133
99 109
34 87
47 122
58 84
100 102
49 108
17 111
54 60
8 48
67 120
2 137
52 99
104 110
52 56
31 61
57 144
42 144
41 96
65 119
7 82
20 85
19 128
48 57
110 135
70 101
1 23
48 100
83 90
36 136
95 114
91 104
53 142
83 94
2 45
26 105
7 18
26 145
27 74
44 71
52 144
38 141
64 94
17 92
32 58
113 133
66 116
34 144
4 84
24 60
9 133
25 30
84 121
48 110
24 122
36 130
11 49
19 132
43 132
85 95
20 127
95 132
85 122
15 89
23 43
23 40
75 139
99 135
82 91
112 141
88 132
2 117
14 77
86 129
16 44
5 95
7 42
97 144
110 136
14 47
46 93
59 124
77 132
76 121
8 57
84 124
24 77
53 71
29 126
6 39
67 104
84 119
21 140
18 37
49 123
54 88
117 134
23 65
7 54
87 117
70 131
87 141
98 126
7 73
7 72
17 109
79 88
46 113
87 93
37 95
21 109
104 126
65 81
41 61
11 132
90 101
18 84
36 128
17 84
3 32
66 137
37 111
28 30
112 131
78 98
5 142
35 61
12 103
37 78
35 83
15 47
18 61
97 116
100 117
7 49
61 105
104 143
8 52
44 123
11 136
53 122
38 95
52 124
38 144
19 52
62 66
92 127
24 138
65 143
59 142
95 138
30 141
65 125
14 29
4 80
42 134
55 87
1 132
108 133
4 47
26 140
63 139
26 80
28 36
9 137
74 133
132 145
58 120
95 121
13 75
100 129
111 145
13 88
103 119
22 25
79 132
73 101
128 134
63 115
64 123
27 55
37 91
68 118
72 100
121 145
35 87
48 61
31 121
28 131
33 133
38 90
49 63
10 116
63 141
5 88
30 96
15 36
77 137
24 81
121 139
83 143
19 59
75 113
9 28
2 9
82 92
19 112
18 135
45 85
62 135
30 94
78 143
2 29
34 67
14 71
32 139
57 93
46 142
14 127
6 120
98 113
81 123
46 121
37 49
42 122
45 143
52 74
66 68
15 126
22 68
118 140
94 143
28 123
91 95
94 117
12 40
3 11
95 127
110 137
27 122
18 71
105 107
23 100
48 111
46 115
36 74
34 65
50 100
8 94
128 143
66 96
86 141
49 130
46 78
51 142
56 94
74 136
52 61
8 20
50 112
32 70
24 32
59 73
127 143
45 103
45 107
27 67
13 67
4 121
14 129
1 50
75 78
21 57
22 95
24 67
115 129
37 52
41 83
16 107
37 92
105 134
46 72
54 67
105 115
141 144
87 113
9 43
28 137
17 127
99 118
10 144
23 47
67 87
47 98
129 141
40 73
3 130
17 136
105 140
112 118
9 40
12 137
60 99
20 100
34 55
4 59
36 112
34 70
46 74
4 25
33 98
119 135
19 106
96 117
66 128
23 97
64 141
125 133
5 49
61 97
69 112
33 76
8 81
110 126
2 95
106 122
3 50
6 79
57 71
5 90
63 135
5 28
8 13
24 35
42 137
63 70
12 28
24 114
2 67
49 114
26 104
104 120
43 142
134 141
23 119
23 85
96 135
13 27
64 126
44 137
29 60
68 106
90 141
51 145
39 111
83 108
6 71
9 96
7 99
16 135
64 143
51 73
40 71
100 114
112 132
39 126
114 145
34 100
19 50
45 51
25 28
11 124
35 63
90 99
4 137
124 136
32 106
72 76
49 94
79 100
56 101
18 143
19 104
51 70
2 23
142 145
37 43
76 101
29 55
128 140
89 127
53 116
89 140
2 119
14 72
89 119
58 141
122 135
2 112
14 132
4 6
79 108
59 92
11 144
26 136
49 86
54 134
7 57
111 133
30 67
53 103
51 139
22 104
49 135
8 85
72 74
19 120
35 50
23 137
20 53
12 91
2 101
82 134
15 145
65 127
6 10
42 117
68 78
110 129
10 15
102 111
35 76
56 130
123 140
98 109
107 127
61 109
79 106
20 40
103 112
105 136
46 126
63 82
1 57
17 53
62 105
30 131
119 122
26 123
100 125
4 124
13 54
71 132
38 70
92 94
21 32
86 145
122 138
63 80
9 103
7 31
3 127
110 120
5 112
12 77
22 84
78 115
34 136
1 84
22 46
68 130
30 49
62 64
43 45
41 88
87 130
2 41
43 121
11 112
68 129
67 132
45 120
50 97
16 91
32 62
29 50
38 142
126 144
20 117
46 139
14 39
64 129
6 28
133 138
96 134
77 127
51 100
2 14
116 137
4 134
115 126
36 57
25 104
82 103
40 61
49 54
61 132
42 68
50 138
65 70
15 132
45 111
74 123
3 67
11 99
80 95
105 120
87 107
84 101
31 60
3 89
102 137
35 85
53 74
36 139
46 53
7 138
55 130
49 85
56 82
37 53
1 14
103 135
90 125
19 133
89 143
12 56
6 15
71 80
63 134
100 130
29 81
46 111
65 138
28 37
14 63
88 103
5 72
22 56
57 60
75 116
29 110
3 45
10 60
120 127
97 145
41 90
40 52
25 105
9 134
19 64
78 89
40 100
114 126
15 86
77 131
62 132
18 139
7 76
99 112
61 142
98 128
60 104
60 111
47 108
60 93
35 134
13 49
51 106
85 94
127 129
68 125
80 145
86 104
80 121
8 95
9 17
76 138
55 72
51 53
19 56
1 86
40 119
24 145
4 144
79 91
68 135
81 128
35 121
3 15
19 93
26 131
76 136
45 64
45 52
3 122
6 70
45 77
35 55
49 139
85 99
104 135
126 140
115 127
4 26
43 65
1 4
81 94
67 114
135 144
58 91
30 122
16 67
13 41
98 108
81 93
52 121
102 108
2 46
47 89
123 125
35 46
23 116
102 145
118 124
45 92
64 99
34 78
95 118
29 111
31 117
113 115
25 91
46 64
7 44
45 84
3 136
22 78
1 34
36 102
42 110
48 132
47 117
3 116
94 120
109 113
13 111
33 79
91 121
80 128
45 117
100 143
64 81
30 86
112 126
17 122
45 112
10 85
36 140
42 109
6 96
56 143
41 112
125 132
117 136
115 142
77 83
86 107
7 39
13 107
48 92
138 142
66 120
35 98
4 64
45 101
40 43
36 106
27 81
12 36
84 131
3 105
22 69
23 50
92 110
122 127
60 112
122 143
96 106
20 99
58 83
50 145
120 139
36 70
14 75
74 137
141 145
26 83
16 110
48 79
50 77
63 108
73 131
8 100
32 89
9 143
114 129
123 127
85 128
83 131
15 117
1 106
98 103
38 139
61 95
21 80
111 114
37 122
133 135
24 124
18 116
16 125
84 145
44 114
66 75
19 21
79 133
46 109
69 102
24 116
28 102
109 135
34 37
22 100
60 127
93 137
68 85
53 61
33 70
40 47
137 139
22 73
59 101
2 49
37 119
69 124
51 99
58 123
58 102
47 64
94 123
73 115
120 145
25 77
49 111
86 123
84 132
124 142
24 89
112 120
94 105
29 89
11 98
93 103
18 90
13 69
23 141
40 51
87 119
11 143
88 111
62 115
118 130
39 70
21 58
113 122
24 30
99 123
18 45
50 90
20 120
60 143
63 89
75 90
18 78
63 67
51 90
74 118
67 107
36 78
79 105
46 88
24 71
98 104
48 106
78 104
18 46
51 65
73 133
62 106
15 17
81 83
14 140
96 121
107 122
109 116
30 92
50 124
40 83
25 69
77 99
86 125
48 144
38 134
110 128
62 76
129 140
24 78
58 110
78 105
10 119
57 91
6 60
82 109
32 46
123 126
102 114
120 124
53 82
1 60
71 125
8 127
3 137
78 82
3 85
2 65
26 33
23 48
28 68
53 129
3 71
18 36
53 126
128 142
83 106
9 26
82 122
25 58
62 144
46 54
98 142
125 145
114 123
45 145
56 144
24 73
57 118
96 141
72 102
1 108
23 90
36 108
116 122
59 68
16 51
9 104
3 52
66 87
32 140
57 110
14 145
57 139
23 112
20 91
55 75
14 17
21 81
91 101
75 121
33 116
43 88
15 116
89 109
2 13
66 69
127 144
30 136
102 126
64 83
78 124
20 31
78 128
17 28
57 81
64 87
31 67
32 53
60 102
63 74
21 104
16 39
7 75
52 127
38 123
69 103
62 78
53 76
2 76
59 116
27 116
50 99
21 56
38 129
4 30
106 136
29 33
78 123
41 56
49 59
97 119
135 138
33 118
10 131
93 124
2 72
82 128
30 33
54 117
40 81
31 91
5 120
39 64
64 109
2 99
55 125
8 56
16 129
13 86
24 52
22 139
18 73
14 26
13 37
79 114
35 95
35 119
65 102
95 141
91 102
84 139
108 144
57 122
38 84
68 89
84 123
121 134
84 94
10 22
21 83
40 110
32 76
72 120
46 84
4 131
19 107
59 103
38 63
42 81
72 106
8 89
29 83
32 44
56 65
82 130
10 40
54 110
32 104
34 50
98 112
7 13
1 126
27 130
31 73
78 137
68 119
60 139
68 132
23 56
31 124
69 131
29 118
43 68
32 108
19 42
54 105
78 141
111 137
64 106
46 73
76 115
63 117
85 137
13 122
78 118
12 104
5 105
3 24
86 117
40 137
22 99
49 128
19 135
7 133
41 139
46 51
47 100
58 104
36 59
77 118
7 101
44 54
56 80
108 127
94 103
89 142
45 96
23 61
49 89
30 107
33 141
31 42
69 117
49 62
26 84
105 125
32 86
4 87
3 76
38 78
26 47
3 37
23 117
125 128
85 135
29 52
15 41
46 52
16 108
102 107
24 56
3 41
16 37
69 118
44 51
38 50
108 119
66 78
43 53
56 137
43 66
30 128
89 114
104 118
57 80
46 104
76 81
91 111
116 127
100 103
66 124
8 111
30 81
2 30
14 74
24 120
67 98
118 142
35 68
40 44
70 91
50 111
50 117
67 125
35 124
94 122
57 140
79 85
26 39
31 96
94 109
25 107
85 90
56 107
47 138
6 95
72 107
94 101
82 115
2 122
32 51
39 131
16 126
4 88
33 37
92 130
16 34
67 105
37 57
2 125
74 126
48 118
28 136
24 62
32 100
51 80
61 121
13 109
62 91
15 102
12 130
8 84
1 95
68 73
38 130
3 9
88 145
23 37
18 99
37 137
78 142
89 118
69 126
46 65
27 134
71 127
9 65
97 120
26 55
104 129
65 98
125 144
56 133
60 120
82 85
21 62
22 113
115 133
20 23
46 130
40 53
85 132
54 59
125 129
45 119
56 73
40 78
16 36
35 144
21 66
57 95
53 108
47 73
3 118
26 92
126 132
29 113
83 87
72 112
21 38
25 64
16 112
79 99
113 144
113 140
42 75
32 67
17 117
88 131
54 95
122 125
23 42
58 132
64 89
56 129
5 68
12 97
18 103
94 111
21 51
22 118
82 140
48 51
6 64
29 65
57 131
46 119
72 140
25 31
9 142
118 143
46 131
69 127
121 125
35 65
81 104
74 145
19 142
39 55
31 123
45 66
112 138
69 80
79 138
70 94
19 32
30 73
11 122
13 85
40 68
28 55
80 129
126 131
36 49
6 33
62 112
33 88
5 110
19 79
98 123
15 23
53 79
21 55
82 94
24 88
9 119
77 123
59 121
64 88
37 46
91 93
32 74
25 137
35 39
57 120
55 76
20 130
25 59
59 96
85 91
95 116
68 123
18 123
7 145
11 37
60 121
2 143
70 74
17 114
53 56
86 95
71 101
83 99
4 39
34 69
25 131
8 30
22 85
5 39
45 81
42 131
117 139
109 117
62 92
15 111
83 96
25 51
13 101
96 110
56 140
57 132
76 90
46 103
7 62
9 31
51 72
82 97
39 119
1 29
6 138
67 82
4 79
26 120
6 136
88 129
20 50
55 93
13 144
91 116
14 38
30 119
59 64
41 49
10 29
70 88
10 37
28 88
53 58
26 98
36 141
62 94
71 123
75 135
47 60
110 133
90 107
56 75
98 124
62 142
33 52
23 29
38 49
34 49
44 125
71 75
23 136
33 80
52 142
79 97
10 77
36 121
6 88
31 135
18 68
28 44
59 85
31 140
63 129
11 34
9 97
11 123
9 110
46 145
64 121
15 71
61 99
97 138
42 125
87 90
76 117
64 124
42 54
42 142
68 120
21 31
96 112
24 41
22 79
57 134
62 128
30 41
5 69
71 88
18 134
52 123
64 74
29 132
29 78
72 143
88 135
2 71
42 141
3 5
22 41
8 139
76 93
59 141
95 106
5 13
87 106
13 114
35 113
14 87
125 143
46 57
3 51
7 77
57 127
14 48
9 131
6 123
31 52
54 99
15 29
9 30
71 116
121 133
32 103
87 103
48 142
96 114
30 118
7 35
5 52
59 129
78 102
40 86
19 144
28 124
6 16
16 29
54 73
11 53
27 95
120 129
58 145
7 96
7 130
83 114
82 101
64 79
100 142
102 136
8 96
2 124
24 38
7 144
43 141
28 140
19 88
31 101
61 64
28 127
117 124
39 142
68 83
3 72
16 117
85 103
13 113
4 44
6 11
16 132
78 96
34 132
2 38
25 44
1 121
58 65
55 116
37 116
1 122
24 126
9 47
57 129
9 118
39 73
18 60
33 47
18 23
7 105
73 96
135 140
104 141
4 72
39 140
39 139
47 94
22 75
9 60
87 95
20 115
69 87
11 35
19 61
30 46
89 113
45 97
55 98
24 135
8 142
18 76
8 130
135 143
42 66
90 100
62 116
50 55
43 52
9 12
16 35
63 85
95 139
59 139
114 128
63 113
32 134
15 119
114 137
115 119
4 86
27 62
53 130
51 113
36 76
44 87
46 91
13 52
37 48
53 86
19 74
70 108
15 143
87 128
47 121
11 20
25 42
88 90
63 94
6 118
5 133
66 105
103 128
41 86
7 9
20 77
26 48
42 49
15 21
87 125
76 95
16 73
24 50
7 128
81 100
42 120
3 80
61 81
27 48
32 132
21 123
38 124
11 108
45 121
5 14
104 144
24 143
31 47
65 141
32 77
99 119
12 59
63 75
1 55
43 98
27 144
43 118
53 93
125 140
13 131
50 95
26 74
3 92
6 37
74 77
84 89
17 39
89 92
117 140
28 142
29 145
126 141
9 120
27 124
1 79
97 110
11 84
27 109
35 132
53 85
52 145
43 62
80 86
41 50
3 47
27 120
12 125
56 69
33 96
89 122
123 136
25 36
7 136
74 84
8 25
72 95
97 99
121 144
81 117
9 49
22 137
7 43
83 137
34 74
26 90
88 141
128 139
20 26
54 124
38 73
4 12
79 98
108 122
23 53
57 59
44 141
83 103
10 138
61 86
18 117
40 107
65 103
6 36
24 76
35 131
7 55
24 58
46 107
55 99
10 13
65 145
36 120
24 28
68 87
36 122
72 145
5 119
60 75
59 137
2 36
85 139
12 108
45 126
59 117
54 65
34 76
67 140
98 133
110 132
11 133
43 69
17 121
82 104
56 136
28 101
41 58
81 102
14 73
65 94
44 133
8 99
11 77
98 101
11 74
77 115
55 141
43 97
27 80
82 144
30 59
1 24
67 103
54 69
45 122
45 72
17 66
24 80
36 87
54 128
7 137
23 93
60 98
34 120
19 43
101 109
59 100
50 53
31 118
124 144
14 55
33 130
110 127
77 128
39 65
44 89
131 134
41 73
122 131
49 87
15 108
5 97
126 134
60 62
47 114
78 95
26 133
28 78
49 141
60 80
62 133
10 61
112 125
55 119
23 67
21 116
108 137
41 59
41 95
3 111
42 121
41 82
50 110
48 140
34 112
38 72
3 22
108 125
97 131
17 24
104 119
55 108
82 112
79 145
113 127
85 129
120 128
105 130
6 114
116 129
1 48
69 88
125 131
65 129
1 102
74 127
30 130
67 102
21 40
82 119
73 103
35 127
75 101
30 58
45 137
33 58
75 136
69 101
100 111
86 112
66 143
74 83
17 44
6 52
72 94
10 136
120 140
43 134
48 67
29 56
4 107
41 121
46 117
108 128
109 120
2 55
37 99
15 99
15 31
65 114
22 29
89 136
29 46
1 49
40 69
7 81
16 137
67 84
21 107
50 131
69 79
42 98
53 72
34 82
108 118
102 119
45 132
6 110
75 138
16 115
6 87
69 136
65 71
4 110
72 82
1 119
69 94
109 140
44 129
45 128
66 83
22 54
96 129
5 34
31 122
30 68
90 112
69 86
10 38
71 112
45 130
45 129
53 77
9 54
13 46
57 67
135 137
28 54
4 32
28 43
87 134
39 133
79 115
25 95
5 22
73 105
20 98
24 51
10 55
27 60
54 93
110 115
1 12
42 133
10 21
18 85
81 87
87 105
66 84
4 98
122 139
71 117
73 113
52 128
33 144
49 138
11 117
30 140
1 10
15 140
73 82
109 122
5 81
51 61
101 120
94 102
31 50
46 114
41 130
65 118
46 81
10 59
67 122
10 67
55 133
72 121
97 100
12 143
29 35
12 107
16 92
5 121
21 98
26 32
4 7
100 108
1 127
9 79
54 106
67 85
8 34
1 135
72 136
4 66
20 135
70 83
26 130
49 129
21 75
31 84
53 65
15 19
37 125
22 32
49 95
19 138
98 107
32 61
86 115
22 140
58 73
1 94
68 103
52 89
116 136
63 105
2 39
11 120
64 102
127 134
43 95
115 144
6 131
75 129
44 65
95 113
37 68
16 49
28 111
59 107
93 126
62 127
142 144
16 72
45 61
17 98
45 102
35 112
72 96
50 115
43 136
116 142
28 113
25 82
120 122
56 145
2 145
102 128
23 68
37 60
102 129
19 49
46 68
60 123
51 81
5 53
49 117
8 141
62 74
54 115
26 30
98 140
17 49
40 80
60 77
4 89
87 97
27 103
28 100
55 94
29 43
16 140
92 140
78 116
8 122
9 82
7 60
100 132
47 142
53 90
47 118
90 126
56 89
51 135
89 110
44 103
62 143
42 65
7 131
6 62
68 105
10 92
112 144
77 107
39 60
47 131
32 69
10 58
5 65
97 127
129 136
76 91
65 140
10 27
23 88
54 127
67 92
24 112
84 126
90 116
5 25
7 97
114 135
36 47
44 53
93 112
19 91
28 81
22 109
5 98
31 46
5 26
112 121
75 110
68 98
15 127
80 126
3 101
26 75
114 141
42 91
32 95
60 131
38 42
49 119
18 75
29 135
29 76
104 124
61 144
36 50
69 76
82 131
27 107
64 105
55 118
28 42
9 67
29 97
15 118
6 121
47 139
12 31
110 131
21 121
60 133
13 136
40 91
91 123
27 82
37 77
79 94
36 62
37 70
118 121
29 96
37 110
10 122
34 94
25 46
40 126
108 141
105 123
41 137
8 112
85 108
33 138
7 51
36 118
29 82
96 103
26 71
111 143
18 119
15 88
74 105
38 81
56 66
23 91
59 111
78 106
39 93
126 142
70 140
12 90
19 125
26 113
84 111
54 129
54 132
127 136
104 133
80 90
96 122
35 136
33 69
33 54
74 124
32 72
50 72
75 106
93 96
5 31
45 124
10 117
84 115
32 130
26 114
37 76
44 58
17 141
38 120
68 109
29 134
20 43
75 137
18 110
74 142
49 103
59 94
3 8
33 120
114 127
5 134
102 125
104 137
72 128
90 104
61 111
55 137
25 99
80 113
24 64
59 122
25 123
63 132
55 81
57 97
78 139
115 130
21 106
65 74
9 122
113 121
25 76
79 102
53 84
31 71
86 106
41 109
21 133
49 90
58 117
30 98
15 51
19 98
36 82
61 115
39 53
37 98
90 144
16 69
32 41
92 112
10 30
3 39
51 118
53 109
45 94
27 58
17 50
10 34
58 115
31 51
53 83
55 144
126 129
47 115
29 101
124 132
42 50
79 137
31 108
87 120
23 113
17 54
82 93
24 36
58 113
11 15
15 130
102 122
2 16
28 133
116 132
10 145
8 104
1 133
56 100
28 128
83 107
65 92
22 37
17 140
9 140
23 58
94 115
13 55
54 118
83 121
45 57
41 69
49 137
8 136
133 143
30 43
59 132
41 100
68 90
19 58
30 79
14 104
52 126
59 108
3 106
26 41
85 134
84 116
109 114
128 144
12 50
45 59
18 72
60 117
103 145
38 117
123 137
70 145
113 126
58 139
15 37
85 106
51 56
59 86
32 60
16 63
66 80
14 128
52 75
6 117
12 81
42 136
45 93
74 110
28 86
3 64
7 59
29 107
61 127
18 91
54 123
8 113
41 94
101 117
22 133
71 74
63 96
15 98
5 33
64 77
13 125
4 54
66 136
85 115
31 145
106 127
16 113
107 128
11 38
39 68
94 133
51 69
106 128
69 123
21 37
50 96
87 102
48 125
2 26
52 141
43 143
31 137
60 142
26 135
81 90
7 30
16 79
70 125
19 77
36 64
23 89
16 83
78 88
97 137
7 29
31 82
56 127
94 96
24 34
101 113
10 18
12 20
19 30
34 108
44 61
72 130
80 135
47 113
26 42
28 121
78 90
122 142
47 112
115 124
73 94
45 116
6 74
26 67
85 118
66 112
25 61
18 125
94 130
53 75
27 123
42 74
13 53
9 111
69 99
34 62
8 132
91 138
39 63
83 85
3 40
5 79
111 125
76 85
70 129
122 130
35 92
97 136
2 8
59 119
32 118
17 118
88 124
21 54
60 91
34 140
13 58
20 79
77 116
95 130
71 120
43 47
126 128
8 97
3 97
78 114
23 132
41 102
6 54
24 140
61 98
3 20
96 127
36 73
19 70
78 101
87 138
7 127
18 43
129 137
51 138
64 133
48 63
75 85
73 124
4 127
24 63
14 115
82 102
36 85
86 101
91 105
111 116
30 50
56 95
79 118
19 108
60 68
21 92
20 88
39 59
64 114
28 90
26 86
39 47
21 71
128 132
24 107
30 83
117 135
71 95
23 128
31 128
19 113
2 25
30 93
4 27
131 143
124 126
41 92
21 88
67 106
3 102
26 94
57 106
58 82
8 42
49 97
16 124
42 57
53 95
38 118
32 119
96 99
57 61
7 53
72 92
30 85
82 129
53 57
65 135
94 108
2 12
48 85
52 138
36 119
71 138
9 102
103 110
22 83
60 84
14 110
3 78
3 59
7 115
28 108
14 119
64 107
81 101
121 140
6 76
58 116
88 108
6 68
93 108
15 114
3 74
89 116
70 127
104 109
25 86
23 125
68 86
74 125
87 145
56 139
46 94
1 105
5 37
26 52
3 98
73 85
31 83
86 116
113 134
42 96
49 61
62 108
27 101
48 65
91 107
41 77
91 106
62 117
79 89
56 125
115 137
20 96
28 34
17 135
84 96
30 44
20 93
27 57
29 88
15 55
61 65
60 132
7 134
23 127
45 136
10 141
6 116
73 93
52 132
55 140
6 25
8 41
31 72
1 37
12 48
36 54
17 34
37 42
105 121
81 108
17 143
2 89
58 112
43 92
45 80
32 128
105 141
84 86
45 133
42 60
54 109
26 62
7 120
7 106
19 46
120 131
25 144
59 98
31 132
12 111
69 91
58 114
79 104
6 78
21 87
68 74
41 145
17 73
104 107
21 120
104 123
60 76
30 34
113 129
125 142
41 85
1 19
64 72
20 76
32 52
37 140
34 110
1 109
93 143
14 65
19 118
13 26
65 112
75 112
30 139
29 103
36 123
97 139
20 59
40 54
33 85
72 89
11 58
71 94
13 44
18 97
25 117
95 120
47 69
19 130
32 57
129 138
28 46
123 141
4 143
30 99
54 135
36 66
33 107
44 124
80 93
55 74
44 120
15 105
61 100
24 115
56 105
48 80
31 45
12 105
101 145
8 59
24 57
51 92
63 79
41 133
26 77
12 145
73 116
94 107
42 130
33 99
15 92
99 120
24 46
7 23
45 135
15 26
18 30
31 34
119 138
34 143
12 53
24 119
100 138
103 108
41 117
132 137
33 143
68 88
42 71
35 41
26 56
47 96
2 106
10 127
11 103
6 23
5 61
68 133
57 99
69 84
15 125
53 73
28 75
56 132
101 121
62 80
74 135
14 70
19 121
17 123
107 137
9 138
132 136
6 124
25 93
39 57
14 64
59 80
78 138
22 63
4 18
86 137
35 70
37 47
20 122
80 143
33 81
36 41
42 94
45 49
51 108
22 62
54 57
63 84
62 130
20 55
15 128
132 134
107 118
115 123
70 132
65 130
67 75
80 142
48 112
99 115
36 127
50 54
78 125
17 32
41 99
49 101
49 93
118 145
31 131
69 108
91 100
18 38
13 130
48 81
21 26
47 52
94 135
8 72
78 100
63 69
2 85
35 67
64 70
16 25
48 78
114 125
12 123
57 130
18 108
51 83
1 89
30 90
80 84
43 71
33 125
67 78
50 98
24 142
49 107
11 18
12 85
78 94
14 92
43 74
25 66
48 104
46 108
71 99
56 135
45 108
45 56
69 142
22 122
13 19
8 118
12 33
87 123
40 60
29 105
90 97
4 128
45 139
32 78
24 69
11 52
114 138
111 132
108 143
54 112
23 36
98 111
107 120
5 107
29 127
86 134
2 43
3 125
3 46
41 70
7 110
20 145
59 105
17 85
35 78
61 84
6 107
86 105
38 132
90 139
86 100
31 58
5 55
97 112
34 119
50 132
6 102
6 18
35 135
70 141
5 123
21 25
35 56
35 38
119 132
18 114
4 112
54 82
56 70
2 44
42 106
24 117
16 52
59 65
33 93
28 79
42 44
84 122
80 111
58 105
46 59
11 121
106 145
22 30
20 136
27 97
51 134
21 36
10 81
44 68
37 64
48 98
80 114
77 104
106 140
33 78
35 141
89 126
17 43
101 131
47 127
34 90
102 124
54 130
4 141
72 87
20 78
33 122
1 11
11 41
7 71
77 81
21 86
27 61
43 127
60 122
10 111
42 140
16 46
27 53
48 74
39 137
25 71
26 143
44 64
21 131
42 102
47 102
32 85
30 115
60 94
15 64
67 108
90 93
83 116
98 139
28 135
80 134
39 94
83 142
22 33
19 76
6 133
53 80
35 53
20 47
75 80
89 112
48 138
94 136
81 133
123 143
126 135
9 99
26 60
43 96
6 27
59 95
25 97
49 78
46 92
124 134
46 96
94 114
35 108
47 81
74 85
29 116
40 125
8 38
83 113
50 104
90 111
67 116
43 78
51 117
55 143
31 107
12 127
127 141
10 54
69 130
83 127
13 30
2 54
1 35
15 56
84 142
30 138
34 99
105 143
66 90
14 123
39 54
77 145
89 104
2 127
23 142
51 123
69 137
26 141
91 128
11 115
15 46
76 106
41 45
43 60
85 101
87 92
64 112
65 121
23 34
128 141
46 48
29 37
10 51
62 86
75 97
11 57
97 113
25 67
21 69
31 119
67 117
93 133
74 101
74 96
33 68
12 70
31 86
61 96
81 131
77 90
25 38
24 31
31 75
8 36
32 122
88 134
79 107
77 85
27 69
45 131
61 92
43 72
64 139
52 130
28 107
28 122
72 124
101 129
29 58
6 29
100 123
56 138
31 143
26 70
11 61
67 134
10 94
107 109
22 47
33 40
20 81
45 47
12 38
21 129
91 110
13 16
33 102
3 95
27 79
23 107
53 101
36 61
61 88
55 63
59 120
40 134
52 136
6 49
34 68
82 133
92 134
54 141
138 140
34 126
135 142
34 58
81 135
16 131
89 135
62 71
60 126
11 111
36 101
38 137
43 124
105 118
8 121
25 109
29 48
103 116
107 139
92 126
6 119
78 83
48 105
42 82
32 121
3 19
18 138
39 135
69 122
6 20
25 43
37 142
34 51
25 92
42 73
101 123
86 97
95 103
58 118
1 67
36 135
1 59
70 84
19 23
97 103
87 99
28 35
65 108
20 132
88 115
62 85
66 121
58 136
107 116
88 110
39 58
59 84
81 85
58 138
53 144
57 65
16 139
87 116
35 45
71 115
39 127
20 86
96 102
79 143
50 78
98 131
23 92
53 134
7 114
81 97
55 86
20 54
15 135
18 140
67 119
9 74
49 140
33 59
9 144
76 144
40 116
12 66
23 102
31 77
74 113
21 112
86 124
53 123
26 106
71 133
86 127
47 91
4 42
70 87
70 113
55 132
16 114
3 139
70 85
31 68
52 105
37 123
33 92
2 110
98 116
33 142
2 62
32 82
111 121
41 48
116 134
60 114
18 121
136 142
105 117
21 63
39 107
27 77
84 97
31 139
62 88
11 83
31 115
38 126
48 82
8 129
47 104
32 73
106 137
76 112
52 76
28 144
11 131
1 3
28 83
48 76
96 125
33 35
96 98
80 132
9 37
68 81
52 95
23 44
20 128
6 82
22 88
1 65
29 104
88 92
34 129
41 118
91 129
5 16
29 36
9 95
12 75
20 58
58 85
48 89
33 48
3 53
10 14
29 34
22 24
40 72
102 113
85 126
92 109
58 126
25 75
21 52
24 95
32 105
26 66
76 80
31 120
79 110
8 43
22 31
117 125
6 46
53 124
35 101
109 112
52 67
43 129
33 109
124 128
25 88
55 69
42 58
63 72
79 87
73 102
64 122
110 118
70 112
85 127
67 77
40 109
10 121
76 98
117 138
89 96
105 137
58 133
136 141
120 126
20 51
14 121
8 71
47 87
31 134
114 116
17 138
27 45
10 126
4 60
40 62
130 143
47 68
43 130
89 108
80 127
45 105
45 90
16 57
35 51
61 129
98 119
22 45
39 106
31 53
56 126
54 68
33 49
22 141
60 110
14 102
21 34
15 112
77 143
2 123
22 142
35 48
22 138
21 138
49 60
114 122
132 139
67 99
30 71
29 129
71 145
12 67
9 46
8 70
121 129
20 116
5 140
39 95
40 42
73 130
34 133
8 21
7 40
11 87
21 46
16 102
137 142
51 110
82 127
78 140
42 92
14 33
11 135
37 84
4 82
67 100
4 74
18 57
70 73
9 129
18 112
27 125
136 143
10 45
50 109
51 89
15 104
36 110
10 125
26 82
108 129
11 70
16 85
11 62
17 52
55 104
29 80
37 103
80 144
6 83
131 136
108 126
97 141
111 131
61 94
43 85
25 118
99 107
50 84
90 123
26 50
65 104
8 14
1 5
17 89
43 82
108 116
50 127
75 111
123 139
8 131
32 34
64 75
94 119
54 107
2 11
44 86
45 114
100 135
26 38
78 86
116 144
9 39
11 19
13 105
19 110
5 7
41 66
16 88
116 125
25 55
126 138
32 54
98 132
45 113
19 55
14 35
93 95
78 108
21 28
39 99
8 46
38 104
46 135
56 116
14 105
59 144
84 140
40 113
1 134
40 63
13 79
92 145
99 125
17 120
30 143
15 76
56 118
14 141
27 114
47 66
43 90
60 81
19 60
28 117
9 128
20 118
57 117
6 26
38 69
51 109
46 140
13 80
9 84
22 105
69 85
7 74
36 60
86 120
115 122
51 75
26 100
44 78
16 64
65 113
12 139
82 113
