200 12781
28 164
103 130
181 200
31 152
17 99
81 172
25 115
138 155
5 43
83 195
67 119
151 179
44 172
84 180
75 110
61 92
36 64
120 187
73 113
126 182
110 175
29 49
24 77
85 89
2 189
147 154
72 184
74 167
82 101
150 166
21 162
95 175
116 160
52 116
111 120
6 162
153 199
80 182
49 179
48 79
14 185
80 106
86 138
26 58
43 52
18 157
39 79
19 105
110 190
65 109
164 185
31 179
13 39
21 34
8 17
18 183
25 35
50 82
106 129
102 118
58 198
66 117
47 117
11 53
33 123
91 198
44 123
55 168
94 198
52 59
8 138
6 111
17 55
82 127
32 171
32 80
5 141
35 152
150 158
129 156
52 110
75 131
131 192
26 147
38 151
93 184
14 22
39 64
27 161
121 144
54 200
31 162
61 136
35 164
46 136
64 186
74 188
119 158
18 87
36 138
18 44
78 182
92 170
35 87
34 137
27 45
48 189
26 70
90 170
39 98
50 64
135 186
33 65
82 172
80 152
168 191
61 126
23 168
69 121
146 161
41 111
187 197
12 137
5 180
141 152
85 143
31 189
116 169
95 111
19 190
12 38
55 68
113 183
77 164
92 120
35 189
26 167
76 89
16 61
94 165
183 185
108 128
77 82
51 82
8 104
122 160
21 181
22 153
22 161
42 45
55 110
91 182
159 190
101 146
36 60
49 150
48 56
23 36
18 181
19 98
110 179
85 167
1 144
36 167
3 182
113 150
4 125
106 132
33 107
99 155
41 177
66 198
102 195
53 137
2 48
110 137
82 85
55 103
87 130
31 158
60 82
126 168
56 183
1 145
21 58
98 162
116 125
35 166
13 71
39 50
118 184
137 162
32 34
39 51
92 100
22 77
107 139
15 189
18 24
171 182
16 155
7 36
27 38
51 100
65 90
127 151
8 46
32 87
86 119
35 102
44 200
85 130
49 198
35 191
30 149
14 158
3 50
67 101
21 71
103 149
100 187
116 188
25 79
1 15
2 9
15 141
9 138
47 182
58 70
42 104
106 184
32 141
126 129
4 134
62 167
32 75
23 199
126 154
15 116
28 189
46 149
58 74
45 68
96 181
71 170
91 111
51 150
14 199
190 200
38 117
82 160
169 199
7 47
22 190
115 188
43 120
4 185
45 93
107 148
100 169
100 189
121 194
82 171
135 175
34 75
144 160
41 68
119 130
12 200
51 110
83 186
5 200
102 183
40 148
87 154
49 69
19 70
163 170
29 32
156 200
8 184
17 83
36 173
40 47
17 170
79 154
45 65
16 126
122 161
47 154
152 176
38 145
30 71
141 176
137 185
2 74
51 63
45 91
130 162
9 112
55 183
39 181
99 171
90 176
173 197
80 116
22 177
85 121
136 172
6 171
114 161
1 94
6 101
36 110
84 132
63 104
38 149
53 106
1 66
35 55
81 132
1 88
62 120
6 21
29 122
138 180
40 192
78 168
43 92
26 42
30 176
25 193
26 75
27 66
98 147
91 113
5 133
16 38
113 151
146 181
103 150
143 163
181 193
1 11
163 167
184 195
14 117
99 135
85 100
49 169
18 116
154 160
63 96
76 78
77 181
91 120
132 169
85 131
41 83
36 38
6 160
3 17
131 177
117 128
27 137
13 136
3 128
102 117
81 138
7 133
83 163
95 194
92 143
96 135
109 129
92 142
37 174
15 82
83 162
127 136
141 143
27 50
83 137
132 194
16 99
58 92
180 182
35 165
12 187
122 154
140 187
58 128
68 138
12 140
28 82
5 108
32 156
109 136
52 62
119 169
29 80
26 65
55 133
6 29
118 176
163 198
28 55
53 163
113 170
41 110
79 147
65 87
28 113
129 148
136 157
1 140
32 200
19 150
20 115
91 99
70 171
11 198
64 72
14 53
1 51
40 52
17 100
182 190
123 161
28 153
12 141
84 165
55 150
54 199
11 82
121 160
55 139
4 188
37 180
133 178
150 179
54 132
45 181
21 36
79 192
147 191
134 187
23 124
78 193
66 98
44 93
61 186
53 112
107 146
61 79
53 150
148 164
46 76
44 54
155 163
169 186
91 187
8 28
64 129
101 136
79 116
58 138
39 49
25 186
66 170
11 95
38 184
86 179
43 84
70 156
73 127
155 159
83 116
167 199
16 127
138 183
118 166
160 173
158 195
108 156
71 87
31 140
41 96
84 101
108 165
26 173
70 97
9 37
78 138
48 196
43 165
93 189
72 131
127 135
62 173
131 135
17 141
54 186
9 17
48 142
65 67
80 170
21 28
70 125
47 97
106 120
53 96
26 117
7 14
116 192
13 66
196 199
23 89
62 88
4 140
139 149
72 173
108 180
23 75
52 90
56 133
3 162
60 121
36 116
115 138
30 75
26 66
80 168
39 65
80 162
15 123
89 189
139 200
40 124
42 68
70 153
25 112
13 78
39 111
65 93
131 138
87 98
120 127
40 170
23 28
29 89
12 154
159 191
128 135
120 125
43 69
62 164
111 141
33 45
65 97
58 196
34 95
18 55
16 50
55 171
4 90
87 93
30 69
71 130
53 114
148 158
6 123
21 91
185 195
26 178
121 198
21 85
20 54
17 186
69 186
50 77
3 180
114 154
102 108
16 49
41 119
33 187
11 58
2 103
1 40
180 183
95 192
99 169
11 62
54 150
32 84
109 135
11 138
73 188
15 145
9 63
67 200
138 148
114 188
55 182
30 36
73 189
119 179
151 163
81 170
173 189
32 64
14 80
134 185
150 169
9 72
26 183
2 46
47 134
37 198
118 156
80 197
3 106
62 139
54 145
78 169
79 157
78 145
64 195
6 79
33 141
85 149
82 168
160 200
84 195
36 66
35 45
7 124
93 178
137 170
25 176
76 148
58 125
165 173
20 55
92 99
43 113
1 188
62 129
13 63
96 132
65 183
122 171
89 185
148 186
110 194
81 86
50 123
65 107
152 193
103 186
45 125
1 75
34 42
188 198
22 86
102 163
168 185
20 133
32 189
11 76
68 193
52 196
76 183
50 127
13 168
5 139
86 94
2 63
68 122
26 106
43 125
97 139
113 165
5 151
72 82
31 144
54 134
55 81
137 180
60 148
12 53
87 110
129 168
117 162
97 128
61 104
3 48
88 181
54 114
81 153
78 87
29 103
147 152
139 145
63 121
142 198
60 192
6 130
41 108
68 188
18 95
143 148
40 173
171 194
109 186
97 171
86 199
18 134
90 104
146 158
147 159
26 140
4 192
13 187
175 186
50 158
102 114
23 26
77 106
15 125
99 189
82 114
23 91
53 179
124 176
71 178
1 120
11 151
5 84
10 65
159 175
68 163
62 160
40 104
63 182
39 153
2 121
48 107
84 170
32 138
47 119
75 190
29 108
159 167
45 59
41 98
115 171
60 62
86 190
4 136
80 95
40 67
155 180
40 132
172 186
51 164
120 196
44 179
18 72
92 114
106 181
161 198
86 144
17 64
39 172
9 74
10 106
42 107
24 164
111 158
72 102
71 111
78 109
31 155
5 76
44 141
75 144
55 190
93 151
38 45
9 184
3 78
52 159
14 45
66 185
126 184
104 179
108 119
125 139
46 75
92 95
115 187
146 174
62 89
102 180
166 200
90 101
44 192
54 104
98 124
27 106
94 177
99 146
66 199
125 159
56 141
22 85
10 20
111 200
35 97
152 159
156 183
80 154
16 152
118 194
120 171
54 62
130 183
159 176
17 61
76 160
62 83
38 93
33 159
52 162
144 196
107 119
83 174
29 114
67 186
55 104
5 85
11 162
104 140
86 130
118 192
65 193
71 145
153 179
157 195
91 118
15 147
1 192
73 109
30 37
9 69
25 114
97 163
154 193
14 188
3 172
23 32
178 193
109 148
75 127
67 124
134 190
19 118
28 126
11 36
40 88
8 148
39 63
128 158
39 146
125 190
32 145
35 52
78 108
106 164
183 197
1 122
18 195
11 150
52 182
112 161
62 152
72 87
83 110
3 181
37 45
44 102
96 122
40 116
34 86
42 152
123 125
135 182
147 198
126 150
71 144
43 167
77 189
37 171
173 200
14 67
9 51
160 190
33 60
22 196
57 97
27 78
161 177
174 177
146 159
144 154
33 196
107 110
100 144
39 89
153 185
114 126
8 173
59 79
39 200
79 176
25 130
48 188
10 132
64 190
136 149
61 103
163 186
10 131
38 164
60 133
7 43
67 184
103 123
117 174
119 194
30 52
90 150
69 127
148 191
15 192
29 101
20 82
75 196
28 75
25 44
52 127
22 88
54 86
22 175
167 182
9 121
3 34
88 125
27 67
117 124
67 75
26 145
71 190
33 191
46 180
13 17
33 80
82 166
42 89
9 92
38 108
99 122
7 71
92 135
49 56
63 172
77 175
55 85
54 73
32 42
32 122
96 127
148 161
32 197
80 174
149 200
29 39
10 107
62 163
51 111
115 139
77 165
5 58
60 134
61 90
50 148
153 188
116 148
11 117
107 172
42 105
58 113
131 160
41 121
162 186
80 155
21 183
90 152
90 156
41 171
57 182
75 116
183 189
132 188
4 154
82 163
52 139
123 140
93 158
37 182
3 83
80 187
4 29
11 41
142 156
15 38
77 124
150 196
68 185
10 26
109 123
102 160
51 185
6 9
97 157
73 85
39 176
24 57
98 182
15 24
41 161
4 66
66 149
39 113
149 154
55 92
91 110
4 171
82 110
83 125
51 190
103 111
141 167
52 189
38 156
11 67
126 160
94 199
47 144
95 126
139 150
39 141
106 124
28 138
112 128
48 110
9 132
141 178
94 114
24 73
10 73
8 161
80 96
106 192
40 59
12 143
135 138
37 156
133 172
56 155
76 178
60 172
63 83
16 80
85 172
83 176
92 189
59 101
18 114
108 111
103 172
83 92
11 22
2 68
158 164
126 188
39 144
187 195
197 199
104 182
21 78
61 93
34 141
128 166
126 151
10 85
17 88
147 175
148 172
4 190
5 188
143 190
97 142
52 67
38 78
55 191
17 161
73 102
10 100
8 170
105 158
57 190
34 148
114 151
4 8
93 185
12 134
139 163
23 154
12 82
60 163
156 191
184 196
63 158
125 135
61 134
76 98
43 190
109 131
21 168
138 154
4 85
89 115
90 154
115 162
135 199
17 31
128 173
73 165
38 153
9 33
55 90
45 197
67 77
1 47
125 181
162 164
6 76
106 133
37 192
136 146
130 143
69 140
8 144
54 156
72 171
83 152
30 67
51 188
112 199
35 143
76 194
114 150
65 159
64 154
13 62
113 154
38 189
35 70
15 83
32 110
46 82
143 197
111 193
1 125
30 199
15 72
156 195
146 168
14 28
112 182
156 163
23 68
109 125
39 187
18 139
24 176
60 180
11 112
60 166
45 161
29 42
22 133
128 188
102 135
156 194
34 38
90 95
123 163
46 83
100 107
151 193
79 114
97 195
11 115
142 166
39 114
129 191
4 101
16 46
33 48
44 163
12 192
140 143
39 135
78 189
18 38
3 95
30 103
75 93
40 50
147 173
33 126
50 164
48 130
76 173
129 137
119 125
66 72
65 79
53 105
24 81
90 92
70 199
118 123
119 134
8 107
23 164
94 168
61 71
159 162
57 100
26 192
140 151
43 193
59 68
1 78
75 102
119 123
12 31
34 104
109 193
71 84
3 140
69 136
140 182
92 146
37 97
15 174
27 68
69 97
120 129
18 68
159 196
80 133
107 166
20 119
131 184
53 177
63 91
83 161
11 32
137 159
151 194
72 130
41 123
55 113
75 169
80 169
11 75
175 190
104 171
21 50
83 93
87 183
59 162
81 109
33 42
53 91
10 96
118 185
124 149
106 150
96 110
41 130
100 196
129 140
29 99
44 92
68 174
55 138
113 152
59 119
118 164
3 62
70 96
125 171
2 115
34 89
95 127
71 169
16 79
145 178
110 181
56 58
15 50
88 108
49 92
36 77
56 182
120 194
12 25
12 15
150 160
20 155
75 183
32 50
115 184
127 163
100 188
26 155
132 145
129 133
22 112
29 124
155 157
95 144
122 172
90 181
105 152
53 196
32 63
139 197
7 33
96 178
43 48
104 147
96 189
92 128
84 97
72 143
67 162
31 166
51 142
18 123
40 129
27 131
46 139
43 107
43 189
124 139
21 127
67 76
32 128
87 165
17 109
7 108
1 56
45 132
105 139
11 90
151 198
125 143
52 64
96 157
95 130
15 86
33 49
143 198
2 31
132 137
112 171
188 194
102 121
13 64
41 147
2 61
59 189
117 178
84 147
53 86
50 100
128 136
109 146
36 68
165 190
6 54
89 159
12 22
140 194
10 45
129 139
45 154
68 148
28 143
71 154
62 119
14 88
23 78
37 121
90 141
31 197
49 132
45 130
52 171
65 136
51 55
88 132
111 173
150 167
66 103
4 95
92 96
30 59
22 142
16 92
2 55
111 145
82 193
81 160
22 136
105 181
34 111
55 105
40 93
19 68
130 155
99 161
63 164
50 54
20 141
11 128
78 99
29 165
3 69
167 200
98 157
113 133
17 43
36 160
69 170
45 105
141 186
9 59
91 116
52 128
87 179
15 74
42 62
8 167
32 41
100 173
81 108
114 132
36 145
14 87
139 147
83 171
108 114
30 145
101 106
41 58
93 128
63 200
123 134
10 195
45 195
182 189
91 119
74 144
82 192
112 186
97 192
25 106
64 104
46 141
16 85
113 184
88 171
142 168
20 46
78 141
39 67
4 86
58 100
43 130
29 154
69 189
43 146
100 195
54 67
101 104
158 171
78 143
25 38
32 57
148 165
152 194
38 137
178 181
32 180
175 178
31 90
33 116
24 30
58 155
144 177
127 176
43 103
44 130
31 40
22 168
79 174
50 71
117 196
17 19
91 145
33 198
87 181
153 175
50 163
132 181
26 144
132 150
123 196
120 136
42 198
4 74
37 197
85 183
75 95
102 109
53 156
10 15
146 157
27 122
47 146
145 166
164 177
148 195
21 135
6 200
59 136
28 146
168 187
50 197
154 190
27 166
7 166
161 175
19 77
159 179
184 191
71 80
22 101
99 142
53 128
20 189
148 169
98 146
98 170
14 181
71 188
10 104
29 41
46 162
32 167
20 176
68 141
70 89
4 152
3 70
13 189
43 81
65 70
77 125
44 128
50 195
63 85
61 82
27 164
131 145
32 178
4 15
47 142
7 141
22 62
11 118
61 110
147 176
165 177
106 123
128 130
115 166
147 164
156 187
126 144
141 185
53 195
142 150
152 169
10 164
146 167
22 135
102 124
92 199
81 110
84 88
41 97
87 173
43 80
27 46
24 156
37 88
132 140
116 151
18 102
40 147
89 144
138 158
60 162
52 137
89 141
195 199
122 133
113 185
12 183
2 182
35 173
95 110
65 172
103 181
56 128
102 144
112 136
167 180
56 114
45 148
73 152
55 199
25 109
81 154
120 161
38 152
146 184
101 194
14 198
69 144
157 165
61 193
23 83
46 140
71 139
79 182
15 64
76 137
93 190
121 195
84 136
71 181
9 81
73 111
12 119
77 187
116 145
3 114
23 166
18 113
49 114
12 121
18 33
102 190
31 173
134 199
9 176
139 185
157 164
100 170
124 173
72 200
41 178
73 107
51 136
87 111
84 183
75 104
64 106
82 169
87 190
124 169
26 105
7 197
144 191
44 98
41 131
59 61
5 191
105 188
12 173
96 170
146 172
94 163
41 190
9 200
37 175
97 177
77 122
114 174
69 195
37 190
14 82
126 139
122 196
19 31
124 146
89 190
127 193
33 77
68 156
24 98
6 147
2 19
166 177
106 200
4 199
72 144
127 154
94 151
28 32
5 152
120 146
2 173
174 178
88 134
49 197
75 106
56 169
69 188
3 176
22 119
137 169
62 84
52 178
18 39
64 168
25 181
99 195
102 159
55 186
8 92
1 45
20 72
107 113
120 130
105 200
100 104
126 162
99 128
71 155
97 114
108 116
117 197
101 178
55 192
40 134
39 186
19 144
69 95
142 180
5 143
34 93
24 143
182 197
135 161
31 101
109 134
3 165
115 129
74 84
58 157
33 157
32 147
105 191
3 55
51 141
4 39
62 185
122 189
139 181
23 184
149 186
56 59
162 165
143 180
62 166
126 130
13 126
82 195
94 167
44 79
103 116
44 55
134 182
105 194
58 192
72 118
50 74
23 196
135 174
19 157
95 162
62 157
30 163
51 125
5 115
147 189
31 97
48 72
83 154
35 190
65 155
61 152
115 146
35 85
48 146
95 124
160 170
17 60
162 192
87 94
99 174
106 137
70 111
127 174
100 131
30 108
8 72
38 122
102 188
19 176
122 169
99 179
47 51
85 151
19 23
23 40
56 70
10 115
156 166
32 104
1 93
56 81
112 121
3 8
17 39
95 133
83 185
20 113
22 169
47 136
101 133
123 189
26 59
34 158
49 106
139 188
119 137
132 162
90 115
35 150
34 107
50 159
98 171
77 144
38 144
44 94
4 18
116 177
29 95
30 63
30 153
8 190
33 188
188 196
23 97
92 137
59 128
13 92
131 161
138 199
15 148
38 81
1 134
158 165
82 90
120 158
98 151
155 167
163 165
97 107
82 180
88 102
24 54
14 127
9 96
20 170
15 65
21 95
113 137
54 113
46 115
109 163
5 82
44 85
72 109
50 192
41 80
62 197
68 168
179 197
143 194
116 118
67 166
14 83
69 89
24 31
74 98
7 120
61 132
123 173
49 112
41 166
39 132
120 133
16 115
8 81
36 40
45 126
116 195
89 129
51 143
3 20
17 68
84 99
108 167
193 195
16 134
75 159
168 189
148 160
68 76
82 176
40 62
98 100
142 182
111 135
73 116
28 176
117 131
12 170
120 143
65 116
62 82
45 89
98 118
72 81
21 144
155 194
137 199
142 196
159 194
87 184
69 173
69 117
170 194
60 128
179 187
11 164
109 190
85 162
46 114
111 143
10 62
47 171
8 54
150 190
109 171
72 169
169 185
121 200
12 168
81 195
173 176
163 199
89 158
23 111
6 105
48 74
30 49
122 158
6 28
9 57
165 194
153 186
46 190
40 165
129 170
31 136
140 150
134 161
52 183
21 69
180 188
79 134
48 166
28 186
100 105
1 101
89 122
40 142
77 127
136 186
49 159
78 110
78 135
77 107
14 183
3 72
55 170
22 55
1 8
44 116
98 181
69 88
104 185
43 181
131 141
165 180
185 200
111 172
101 141
24 51
139 157
37 76
59 110
62 103
116 135
3 173
66 143
80 123
136 141
29 100
25 98
55 130
5 154
120 126
26 85
87 192
140 184
1 85
95 106
28 136
90 112
13 24
112 158
10 136
12 185
44 170
18 62
18 26
72 147
135 173
69 196
35 76
28 74
41 188
30 158
96 134
110 164
16 168
3 41
99 162
151 189
115 152
42 78
147 185
47 94
58 140
75 114
114 141
108 168
98 180
117 144
71 128
144 151
52 198
104 180
56 69
25 67
182 196
83 122
153 196
52 173
109 140
45 146
63 106
8 128
46 128
35 80
85 144
94 161
108 189
8 154
88 193
26 41
91 160
21 75
94 173
44 105
27 96
10 150
111 124
38 72
29 63
83 156
121 128
98 192
34 51
138 171
109 149
151 159
7 176
15 71
70 114
18 154
1 127
45 182
24 29
69 155
21 44
136 177
45 113
29 45
36 83
137 198
102 137
10 114
77 176
4 124
35 77
54 184
32 182
76 93
118 183
29 44
15 25
95 112
28 42
18 22
122 149
80 149
87 178
130 200
22 29
125 131
13 19
6 112
1 147
40 69
157 161
125 184
61 188
35 118
1 82
44 108
70 179
3 38
8 141
27 130
88 136
31 160
29 106
56 103
36 76
37 187
149 165
127 146
58 67
21 70
37 70
7 116
39 195
64 88
63 75
125 166
35 183
40 109
5 13
56 99
95 109
22 113
11 27
26 46
2 193
68 117
71 91
140 192
133 149
82 165
177 198
149 195
28 119
104 126
117 134
48 120
77 190
141 174
78 92
63 146
136 197
41 87
108 172
11 87
28 179
56 88
62 118
32 105
140 197
31 190
29 78
88 93
15 187
104 121
28 64
57 138
145 189
109 142
118 157
94 115
170 173
94 155
132 179
148 190
75 188
106 143
106 172
150 168
1 27
105 150
50 139
108 126
8 111
39 122
86 139
135 196
96 100
146 191
123 179
72 160
154 186
122 166
45 108
98 127
43 179
138 198
117 191
68 149
31 195
48 143
87 118
4 194
136 153
26 149
6 65
60 175
69 138
7 63
25 63
52 121
110 162
44 129
109 158
170 177
30 118
39 47
67 121
44 48
115 123
117 193
150 188
180 187
117 157
116 130
132 148
119 183
7 97
185 196
65 83
125 155
112 176
12 126
132 142
122 177
163 179
5 124
48 181
151 177
16 72
74 145
41 52
6 45
23 120
95 196
30 192
1 69
128 186
148 159
160 176
131 164
41 176
36 172
65 86
17 57
100 108
95 151
58 178
38 197
46 127
41 155
95 167
71 121
4 173
55 57
158 191
69 181
54 103
15 166
78 199
90 126
97 124
4 69
64 99
6 38
4 51
123 127
18 186
44 138
1 103
118 199
27 191
12 114
28 95
32 151
66 123
87 180
15 18
87 162
53 182
20 186
105 110
105 129
85 97
104 129
63 153
38 173
60 167
51 83
59 146
103 163
60 135
54 120
60 159
50 182
52 61
5 128
119 196
177 197
23 173
31 121
81 197
84 95
16 113
26 138
13 97
128 170
33 197
46 53
180 196
80 104
122 125
162 197
74 95
141 177
54 147
36 69
38 148
14 29
99 105
26 44
92 116
85 165
125 136
22 127
118 170
60 87
13 30
4 146
23 29
35 56
44 159
67 155
79 112
14 177
5 136
1 23
7 18
10 43
28 81
60 114
48 187
133 138
72 91
91 144
155 172
79 171
10 147
170 199
115 143
4 191
31 38
129 171
56 132
19 103
40 55
51 65
78 187
64 98
42 76
51 59
57 82
24 87
160 194
137 172
67 128
59 85
102 138
79 149
85 137
140 162
40 199
163 177
36 104
49 143
30 41
61 144
43 176
97 133
25 100
107 199
19 33
2 134
69 187
184 187
13 45
96 173
149 191
71 183
7 66
33 51
14 46
44 107
14 93
5 95
7 167
116 194
3 117
75 174
5 150
38 71
3 136
39 175
88 173
48 109
49 148
46 97
170 178
142 171
107 117
24 168
11 139
21 101
126 158
61 120
97 176
100 186
73 138
5 160
89 106
73 153
55 134
138 161
6 25
85 135
15 139
39 130
73 126
79 139
32 37
32 137
33 57
103 192
110 134
64 81
11 155
37 163
131 171
8 62
145 157
51 70
45 69
182 186
123 185
56 145
104 112
81 101
172 197
66 88
58 147
39 133
110 171
46 95
43 97
111 185
89 131
30 165
79 137
19 41
38 59
82 191
70 186
1 152
174 183
54 118
46 161
106 110
60 74
79 128
181 186
76 88
19 47
19 95
42 161
187 196
93 194
169 194
99 165
95 135
83 113
75 165
82 103
24 59
13 110
59 120
99 114
126 171
25 69
67 138
79 159
78 173
50 67
20 150
63 69
13 148
128 194
12 149
40 86
17 69
83 128
37 100
49 68
15 88
29 94
106 128
102 198
32 108
41 144
10 76
129 184
167 173
1 104
40 83
109 157
2 177
31 33
56 101
85 199
16 101
122 187
40 92
73 177
70 92
94 107
113 169
121 135
111 160
108 149
6 37
153 172
53 134
71 133
19 88
27 101
115 148
68 136
141 159
8 188
95 152
12 34
47 121
99 138
59 171
38 163
35 182
3 49
59 103
58 81
135 151
70 116
26 54
73 146
148 180
131 157
138 170
29 156
82 102
64 110
147 160
20 112
52 187
31 194
8 120
63 110
72 177
9 86
23 175
150 200
1 137
144 175
130 188
122 145
63 81
167 190
46 186
45 167
35 95
29 119
81 105
48 50
193 199
55 179
57 196
181 192
76 157
81 107
57 117
43 159
12 135
48 113
143 156
126 159
122 191
24 146
169 196
103 117
80 136
41 74
63 137
62 64
38 115
2 132
10 31
60 165
150 171
72 138
121 139
8 176
104 170
35 147
143 174
55 149
112 144
81 141
33 184
45 194
32 199
83 190
8 55
47 54
99 113
17 107
168 175
77 196
20 34
43 94
101 115
116 198
1 136
85 197
179 200
81 165
100 122
105 174
22 48
74 200
30 106
97 99
99 141
63 89
71 159
79 106
19 161
95 116
132 154
70 170
67 142
3 58
42 157
7 118
17 120
89 107
46 144
66 111
66 146
34 143
95 140
43 129
1 155
9 88
161 189
29 85
135 152
69 190
163 178
109 120
20 74
130 157
34 146
66 71
74 109
76 135
69 158
45 193
149 161
23 146
124 200
62 75
164 169
49 139
140 156
87 168
103 191
48 155
89 181
108 153
96 114
50 120
35 192
123 141
107 135
74 157
44 165
111 176
10 22
105 137
152 200
73 137
116 199
31 39
46 62
73 78
74 101
104 137
120 138
94 136
18 129
13 155
70 91
16 77
96 125
43 85
13 125
75 134
189 192
67 159
117 160
164 174
59 71
9 134
24 119
147 153
80 138
55 194
20 129
62 191
65 85
33 139
157 194
20 118
39 42
26 186
104 110
28 84
70 105
52 180
43 64
5 135
37 90
31 175
127 196
120 122
68 176
62 183
51 103
142 193
28 128
10 183
20 79
20 32
17 134
42 175
74 169
33 137
54 183
154 172
123 129
130 197
48 85
48 159
67 170
36 96
47 145
61 94
106 158
84 116
155 195
17 49
15 165
99 182
139 176
28 30
10 39
130 194
124 177
173 192
64 155
119 122
131 167
75 85
13 173
38 92
104 111
51 107
13 121
121 173
15 181
55 159
16 178
67 78
84 89
71 77
115 120
26 200
25 143
87 89
103 126
39 95
53 95
76 151
51 176
13 139
129 150
135 176
14 31
111 171
92 184
13 86
77 115
117 147
73 88
11 34
31 71
103 177
79 105
140 154
141 180
23 181
111 118
84 190
83 114
63 87
8 158
160 166
142 149
72 192
34 181
59 76
95 145
8 127
99 133
73 100
91 183
82 108
90 148
28 103
39 99
106 179
56 199
95 195
27 179
10 173
98 133
96 160
64 160
34 172
11 104
72 108
114 184
36 136
59 122
3 63
30 53
48 156
8 113
120 183
28 124
159 169
84 185
105 167
88 150
50 190
124 195
23 39
12 118
84 179
11 21
73 131
51 166
39 152
17 95
84 98
106 190
63 65
45 94
47 152
3 143
101 191
176 191
40 169
4 42
5 106
86 185
7 137
23 158
26 170
25 149
73 98
9 169
86 147
75 123
94 195
84 111
59 130
85 94
61 141
101 195
97 200
20 152
12 102
47 61
129 155
143 151
90 185
120 200
95 176
44 198
75 94
89 109
9 23
138 187
67 178
37 150
4 105
165 171
51 152
83 87
70 136
31 141
107 123
41 137
143 155
92 200
42 185
128 138
34 200
62 109
37 55
53 99
63 185
120 193
1 159
17 191
34 138
7 77
102 130
178 198
54 95
10 87
45 61
13 199
9 174
110 200
144 150
41 64
27 79
38 61
8 75
113 163
160 169
46 188
180 189
29 50
58 143
86 146
15 102
76 112
45 90
6 163
120 124
51 86
91 142
3 10
45 85
54 174
90 196
41 198
30 96
119 176
90 188
57 93
142 146
30 58
128 189
141 166
73 200
43 99
173 177
9 114
82 84
114 190
62 135
40 46
106 176
100 158
174 185
34 133
180 186
101 169
50 168
67 156
73 191
29 166
14 154
6 175
113 122
146 182
86 122
142 190
102 153
101 135
12 43
131 155
32 71
111 136
37 65
97 144
62 187
30 56
85 119
12 51
51 122
104 152
7 16
59 148
8 19
127 167
49 165
120 197
53 130
1 62
88 167
64 74
24 165
116 146
137 192
123 149
24 184
68 83
61 130
49 185
28 150
18 53
83 155
103 158
3 149
65 175
109 154
13 169
14 16
30 55
78 112
88 157
141 147
7 170
36 89
57 98
58 84
24 105
25 27
73 123
33 136
6 191
90 153
21 111
89 160
20 90
79 115
89 154
98 163
41 54
72 84
77 149
5 146
101 197
101 161
41 56
88 129
48 186
64 80
80 129
52 163
147 162
45 156
41 81
64 176
7 200
142 177
125 200
96 131
13 119
12 52
176 181
92 180
32 89
17 158
53 197
96 196
3 168
139 162
41 51
99 145
10 75
96 144
137 158
61 101
10 128
57 108
107 168
81 100
73 103
75 122
99 185
6 195
27 140
29 40
102 166
100 103
92 187
22 92
17 121
74 193
112 149
47 81
24 175
85 98
73 166
41 59
35 66
115 124
138 186
69 107
13 49
168 172
13 52
93 186
108 161
53 140
104 124
105 195
104 154
102 197
122 170
9 119
24 188
6 26
79 184
66 161
25 133
18 128
20 64
4 97
180 184
78 160
29 161
2 77
37 112
178 199
22 69
55 164
168 176
24 144
178 194
49 79
106 183
47 184
25 101
81 87
109 195
27 182
42 134
13 174
12 151
150 192
19 56
98 175
39 137
85 185
35 144
75 151
124 187
57 177
10 189
17 199
40 80
163 168
67 107
138 173
29 136
76 85
55 100
28 79
61 128
12 188
133 200
121 163
136 163
151 164
44 177
7 95
53 126
88 123
15 77
116 175
139 199
47 170
3 12
24 155
145 192
52 109
24 56
141 148
61 185
83 178
6 15
64 120
10 151
48 145
85 109
87 121
24 121
79 127
86 166
85 152
53 158
98 156
22 194
40 154
95 108
25 55
62 115
47 66
63 170
21 184
54 92
27 196
6 124
83 147
4 159
18 115
25 180
90 142
72 120
157 198
41 192
129 166
46 137
26 179
87 105
132 170
6 83
115 176
7 96
130 139
11 23
59 182
24 101
72 176
133 161
2 18
17 146
12 196
69 145
107 180
13 50
34 190
27 151
42 108
23 100
67 163
22 179
7 100
72 148
136 199
10 153
21 141
182 193
15 143
26 135
18 135
131 199
31 36
9 60
105 193
20 26
161 187
127 195
9 197
82 113
120 190
91 181
8 41
40 63
51 140
108 193
45 173
27 58
40 160
52 170
100 111
37 199
35 151
6 127
49 80
99 190
151 171
117 145
170 196
100 175
99 200
15 167
8 132
106 119
54 196
17 35
155 191
82 122
59 115
50 181
7 169
83 164
9 120
10 122
147 199
35 100
94 193
139 184
53 191
18 169
20 31
25 173
41 127
138 165
103 198
86 193
170 191
87 159
4 104
96 128
26 109
75 100
141 173
85 116
37 169
40 155
66 74
91 191
64 169
11 179
55 77
25 105
28 90
124 144
145 153
88 112
80 143
150 181
39 199
4 17
151 192
20 126
59 106
145 194
55 137
144 187
94 176
61 116
71 106
22 47
101 128
68 80
59 175
24 190
55 200
98 184
75 88
75 172
39 163
90 182
129 161
173 198
12 181
42 178
44 176
68 180
12 190
16 142
43 55
77 182
47 67
132 180
5 81
163 197
9 190
28 168
7 78
73 87
46 64
164 176
81 84
8 197
99 173
2 94
78 181
49 127
157 163
26 72
70 140
88 101
65 147
15 140
95 142
142 162
29 199
51 128
67 185
29 167
27 175
31 68
59 66
168 193
10 27
32 192
68 120
60 103
11 56
48 136
67 173
41 196
15 126
31 159
33 130
57 140
15 96
61 137
69 86
64 94
8 142
129 183
74 194
48 90
33 84
105 118
8 90
128 150
133 159
22 105
124 165
7 189
68 177
24 152
67 112
146 166
76 189
16 100
178 188
155 186
20 61
128 131
73 164
32 114
30 40
88 191
52 77
92 129
3 39
2 106
146 171
109 196
27 168
21 93
158 169
24 196
8 69
107 182
58 193
34 36
23 170
4 118
107 186
49 152
86 197
28 141
64 102
134 137
13 115
15 107
132 144
61 77
75 140
69 182
26 95
65 148
95 107
54 148
113 139
14 20
12 81
73 143
72 174
43 100
119 143
93 165
114 159
119 191
9 170
9 89
165 167
5 186
106 196
28 148
65 176
27 127
75 136
66 101
33 160
29 171
13 106
85 170
24 139
20 157
115 149
48 67
19 61
12 85
134 140
20 200
39 76
85 141
36 43
127 197
59 98
110 193
13 184
45 196
96 175
40 126
154 175
55 117
108 190
110 123
53 98
21 30
13 116
42 97
24 104
3 35
6 178
54 141
30 195
15 68
12 164
28 170
61 166
15 170
119 151
51 67
37 167
61 159
3 103
128 178
36 119
51 92
27 190
89 196
15 47
38 174
142 173
67 96
69 108
93 161
117 142
50 88
75 107
68 95
55 125
95 129
49 178
10 17
70 117
69 179
4 56
38 86
58 194
30 141
38 142
6 19
60 63
54 193
19 92
13 109
78 80
178 200
7 168
92 154
30 99
8 10
123 195
51 154
92 186
72 196
15 85
113 182
123 170
29 88
75 129
82 170
134 148
42 168
20 156
85 176
92 121
93 181
92 163
33 89
35 47
145 162
118 150
59 183
142 163
5 199
37 59
22 38
90 200
114 121
42 84
6 50
35 195
72 126
79 180
97 165
87 197
109 178
70 169
2 56
73 105
42 90
6 12
31 182
19 21
169 198
156 174
6 190
16 194
37 120
92 178
100 180
15 79
36 124
2 100
45 190
1 10
1 186
42 51
20 91
37 113
22 94
6 11
1 154
70 120
71 101
47 55
158 184
102 125
53 178
27 159
5 52
161 182
124 163
76 81
23 130
78 82
114 176
65 174
15 117
11 135
22 25
112 167
15 93
161 186
146 199
72 117
115 193
159 178
99 178
90 122
57 103
17 174
39 48
74 85
152 192
29 93
5 79
137 156
51 126
40 112
35 142
43 154
65 182
36 184
46 163
92 193
17 165
88 182
100 171
53 101
82 95
114 192
27 149
92 156
42 114
90 197
11 89
2 156
44 188
58 190
65 129
12 62
51 115
62 184
37 73
51 182
128 145
93 142
54 197
48 200
140 195
10 124
3 92
66 93
88 163
75 90
129 198
73 128
19 54
43 200
136 140
103 157
136 143
28 65
23 81
115 142
21 65
93 192
31 106
45 54
111 186
32 134
123 174
103 125
9 168
113 175
115 136
141 195
121 149
15 154
52 117
27 157
48 178
99 104
28 147
4 197
89 195
98 145
9 153
3 159
91 178
8 172
14 58
100 199
17 180
125 198
78 129
13 70
16 25
120 186
74 126
196 198
32 130
102 146
132 190
18 52
25 51
18 121
102 174
40 85
35 137
180 200
14 191
39 180
44 161
6 158
20 92
10 101
30 130
162 180
6 61
46 194
4 99
43 156
21 52
39 169
49 117
96 124
71 167
103 153
5 131
128 133
74 198
84 167
55 62
76 169
49 64
21 80
76 168
165 184
24 33
101 158
83 166
39 183
78 191
63 141
45 171
160 181
101 123
174 197
144 167
62 106
63 192
29 125
78 155
44 157
96 148
138 195
95 171
75 137
148 166
3 124
51 95
2 166
43 177
61 124
28 104
40 70
83 143
31 100
43 121
61 100
139 196
144 159
60 147
50 132
27 169
48 75
111 156
92 151
38 80
26 139
36 195
94 196
171 174
101 103
102 185
27 141
22 30
140 152
93 163
34 63
32 35
23 174
68 198
148 181
130 146
58 156
30 34
87 137
41 199
43 150
49 111
33 135
40 181
46 89
19 87
134 143
43 61
58 112
14 193
125 192
117 137
56 86
49 172
2 22
146 188
80 115
66 105
91 96
69 72
47 193
88 114
77 183
94 185
40 106
104 133
68 73
105 155
37 53
36 156
105 144
29 150
107 165
112 168
98 117
148 199
139 159
23 198
26 79
12 199
109 167
11 20
149 194
37 152
171 197
56 181
101 150
12 77
31 113
90 192
55 145
30 142
25 121
126 149
82 150
19 100
47 53
46 189
33 112
33 181
45 47
66 183
135 177
84 192
7 98
108 117
59 99
55 198
144 182
98 172
129 154
53 69
63 98
26 184
94 111
152 174
108 192
75 124
69 98
50 62
40 183
118 126
47 82
14 101
73 125
67 160
39 53
92 118
86 192
99 152
50 109
33 182
16 123
50 66
69 164
107 184
4 83
61 80
2 33
81 115
14 25
82 112
61 154
50 126
45 122
25 32
92 159
26 83
98 107
44 152
43 57
61 178
2 181
170 187
6 110
96 195
166 171
75 125
18 190
19 172
89 152
28 40
116 200
99 197
32 139
75 198
90 97
105 161
64 167
17 194
40 60
168 174
14 36
9 135
57 132
12 68
15 29
150 185
51 102
98 161
71 92
11 136
29 47
8 36
115 173
116 186
15 97
55 181
97 161
7 59
12 32
75 126
147 200
25 184
52 185
123 188
20 148
62 74
28 37
30 120
64 112
9 133
104 123
18 54
6 48
74 80
40 97
43 145
9 40
46 160
150 176
72 95
80 181
164 193
29 140
14 64
14 55
152 187
13 114
35 111
13 43
19 197
87 166
41 85
106 147
28 183
177 193
17 173
92 150
82 99
21 35
152 154
49 115
103 133
21 156
140 174
53 183
54 122
173 184
87 195
33 186
115 119
105 177
71 148
74 117
22 160
79 86
42 200
4 183
104 190
106 134
20 35
65 180
101 181
34 46
141 164
125 152
1 89
113 129
37 151
61 196
105 192
41 62
83 192
53 187
16 63
92 164
68 126
125 151
8 40
1 116
25 136
138 185
51 159
60 189
2 105
63 157
73 90
13 170
147 171
51 123
41 60
50 173
18 168
19 189
4 114
9 78
111 113
14 200
25 145
24 173
9 66
53 89
44 160
56 192
149 164
28 158
84 194
17 63
43 169
84 186
123 151
110 153
37 161
129 178
36 139
44 62
87 131
31 81
39 125
117 146
29 159
34 126
94 172
10 46
18 145
15 49
22 159
125 191
87 95
58 169
42 167
82 120
33 97
40 137
109 138
20 65
149 170
11 197
20 27
21 198
14 73
43 75
89 184
90 146
100 178
93 119
174 186
130 135
49 199
8 153
119 195
92 169
1 57
47 101
47 108
125 165
154 194
17 36
7 181
74 91
22 139
7 56
3 24
5 119
14 86
83 96
46 173
107 178
61 119
16 106
148 192
111 126
130 134
93 176
40 176
23 143
68 92
133 155
69 143
28 167
1 105
12 67
59 86
74 115
114 177
87 196
174 181
66 120
62 170
139 190
56 124
10 35
74 135
140 159
112 138
173 178
86 95
94 98
129 159
76 138
40 135
38 179
117 158
72 157
5 103
28 193
125 193
7 194
159 189
58 76
82 133
4 13
189 193
82 141
118 136
49 144
56 188
72 151
98 136
37 159
41 105
96 118
78 142
39 104
83 121
54 198
7 60
112 162
1 200
87 124
164 170
23 80
48 54
26 158
102 145
7 29
101 189
137 149
159 184
102 106
76 136
85 166
157 200
96 154
5 74
8 130
11 108
126 191
69 110
24 34
6 36
33 164
24 129
50 59
97 125
21 37
144 156
126 140
46 164
70 123
4 67
45 118
114 185
33 82
160 163
77 95
56 117
52 107
171 185
183 195
82 118
15 95
42 53
6 98
15 131
85 150
46 196
81 148
19 129
1 195
122 199
25 151
86 158
17 151
35 154
133 176
7 22
6 140
20 146
161 196
2 72
41 197
89 130
26 191
114 162
53 165
15 66
37 106
59 139
134 189
2 111
127 156
13 65
65 124
140 160
4 41
104 196
144 168
43 105
24 120
34 123
46 171
21 109
50 106
26 143
18 81
114 140
185 189
35 135
76 113
27 135
97 129
5 49
131 159
63 112
26 115
36 111
65 102
40 153
64 119
16 53
20 75
136 165
76 105
52 70
116 136
10 180
51 119
77 197
151 161
56 77
124 168
68 130
9 65
61 102
26 162
2 43
31 61
41 63
126 153
55 184
29 37
82 149
189 200
34 125
36 91
48 168
119 126
102 120
37 71
94 162
96 126
84 200
124 137
38 186
97 188
132 151
90 149
34 121
35 54
34 120
187 191
47 93
16 21
82 181
58 176
56 120
81 185
26 93
127 190
145 186
22 53
69 176
92 144
80 121
7 64
72 83
92 133
17 75
102 142
86 114
98 174
95 186
10 89
55 111
169 197
66 176
49 194
94 141
109 192
47 52
176 193
11 40
12 64
29 132
81 104
68 102
17 178
119 132
65 144
18 130
6 32
1 14
42 61
17 112
106 111
57 164
107 164
147 155
63 134
32 173
71 126
157 178
38 155
37 125
153 170
105 186
44 191
10 130
1 151
67 148
154 156
22 186
77 113
113 120
83 183
142 189
154 179
48 167
39 66
96 108
119 182
175 189
7 190
95 131
162 187
97 180
141 198
80 108
25 170
105 163
174 184
127 133
68 150
112 124
126 155
78 101
147 158
85 174
33 47
142 160
45 76
9 188
11 106
5 132
96 188
136 156
8 177
71 143
7 46
167 197
65 197
19 79
11 181
1 29
13 32
95 174
56 71
124 132
120 168
64 180
12 182
24 26
148 173
14 119
42 56
10 52
164 168
5 26
93 175
101 119
78 104
74 150
3 121
112 133
153 195
129 193
101 126
31 114
175 179
157 193
9 26
18 88
36 187
85 139
104 173
108 177
5 182
91 188
8 56
161 167
62 158
10 24
4 88
75 78
11 102
64 161
26 71
127 165
8 125
40 130
8 66
45 115
51 112
13 197
6 63
51 163
59 161
36 85
17 96
68 94
71 150
36 108
86 118
154 196
116 191
67 127
111 194
1 87
3 194
97 141
91 172
171 181
93 180
80 179
29 109
60 153
156 184
79 113
126 185
103 174
119 154
68 113
127 144
58 186
108 152
15 135
22 117
149 178
45 137
13 68
47 174
118 124
15 133
40 145
65 106
95 158
130 182
14 141
58 121
176 195
44 153
16 26
42 60
107 120
145 160
46 179
46 91
111 189
2 144
23 141
47 180
53 155
34 106
14 39
61 63
107 190
32 120
23 34
17 177
129 188
57 172
49 121
22 108
67 151
95 121
63 73
53 57
72 189
39 121
24 100
100 162
115 175
18 133
13 132
133 179
31 54
30 125
86 191
133 186
2 70
67 103
54 157
65 143
50 91
53 166
124 184
64 116
29 77
70 197
170 182
140 180
16 81
39 145
52 55
14 98
6 159
117 189
40 140
17 78
23 42
15 136
115 165
44 49
102 152
88 188
139 183
110 139
87 177
65 119
54 91
87 100
8 67
92 176
39 88
85 157
74 147
91 128
106 141
51 148
32 175
5 94
106 191
11 25
14 112
20 69
91 132
27 146
134 167
5 88
116 155
130 169
131 190
69 194
89 114
35 139
6 161
60 99
137 174
14 120
37 103
63 161
131 133
72 182
87 200
10 146
129 134
16 90
165 193
33 53
4 32
12 39
54 102
30 156
18 158
15 63
64 182
70 108
105 170
6 78
79 117
46 169
55 187
3 154
156 160
96 162
118 137
40 72
125 162
133 143
9 18
156 190
87 126
36 189
15 155
118 196
47 90
7 48
73 147
52 120
27 189
45 123
76 122
55 72
32 51
16 195
105 157
116 183
80 184
19 114
10 172
41 117
76 146
56 134
36 128
66 86
67 187
6 166
75 133
25 191
63 149
143 182
126 147
70 126
101 120
18 67
35 39
134 170
140 161
24 95
111 128
11 54
112 185
73 174
35 78
98 198
91 104
31 180
98 197
17 133
109 132
132 195
88 176
15 171
139 182
176 186
68 129
161 181
157 197
1 39
48 193
17 101
66 191
89 198
43 185
65 122
124 188
11 46
55 165
89 151
82 107
17 72
102 175
68 171
28 107
18 89
16 109
22 82
18 153
191 198
6 164
120 198
168 170
101 142
48 98
76 193
65 98
5 16
74 105
98 168
135 170
145 158
12 24
12 128
50 80
143 153
154 191
82 131
89 101
112 117
40 64
12 91
52 134
91 97
77 93
32 116
88 194
96 180
2 140
37 189
99 129
4 50
120 166
102 199
16 58
2 30
30 161
7 107
168 195
86 142
41 191
33 133
36 54
45 71
37 52
104 198
47 129
78 106
100 185
18 80
45 79
43 172
22 181
11 143
148 179
19 187
120 163
116 170
57 150
54 185
4 77
26 128
63 179
68 169
13 176
84 103
184 197
20 102
88 196
101 117
165 200
75 199
126 176
88 200
46 119
125 157
84 184
7 182
43 73
4 107
47 165
110 146
54 144
59 77
29 152
27 154
120 177
90 127
9 50
26 33
7 185
32 113
193 198
34 58
66 179
61 138
26 62
78 153
6 39
143 183
90 187
157 171
122 167
106 145
145 188
103 182
107 187
18 61
9 143
53 71
79 189
16 118
3 30
37 43
48 100
21 142
115 178
24 131
92 125
117 183
34 119
114 124
138 146
91 168
103 129
55 109
10 99
107 163
132 178
18 37
87 170
37 118
11 145
15 91
23 99
10 55
142 175
63 154
41 69
135 166
156 179
2 149
49 67
103 134
158 188
165 198
35 197
10 68
32 131
121 170
94 123
4 126
37 193
46 191
76 84
96 116
85 124
18 112
36 181
50 189
76 107
76 87
108 179
12 145
2 183
41 57
33 190
135 142
37 58
151 178
179 194
65 117
32 90
20 147
99 176
104 107
104 156
153 184
40 164
6 141
82 174
4 6
33 56
45 53
3 94
63 140
137 184
74 123
127 166
102 164
130 163
108 169
47 60
147 157
33 166
3 189
79 132
15 115
28 43
30 85
132 160
89 143
167 186
33 195
16 29
108 133
10 141
101 176
21 110
11 153
5 194
14 78
117 154
60 86
62 172
30 166
68 187
93 129
14 166
29 34
130 160
30 139
66 142
141 181
10 54
28 191
14 124
100 190
65 139
42 95
31 87
71 131
73 198
36 163
2 179
18 66
98 143
7 110
35 177
82 142
3 16
41 90
13 183
130 185
59 167
87 145
39 87
9 152
101 121
97 150
81 140
74 183
173 175
13 200
27 37
19 183
119 161
12 96
122 183
84 162
34 124
25 42
98 135
1 191
13 179
69 77
84 114
166 182
24 171
76 116
58 130
67 133
67 72
134 176
85 145
85 155
111 177
129 174
31 63
92 158
107 132
8 87
67 102
73 110
80 85
49 53
2 128
1 9
44 166
38 66
125 137
39 160
40 51
88 142
51 99
52 123
9 124
83 187
40 66
28 182
47 110
96 156
30 150
63 176
11 81
91 171
77 128
93 97
16 43
9 62
77 179
86 168
113 164
175 194
37 186
16 75
119 174
99 106
60 190
57 189
139 165
11 144
54 142
120 195
12 110
53 102
28 156
10 34
41 46
15 57
8 133
40 195
4 26
58 82
79 92
99 154
85 95
66 147
95 113
27 34
112 183
119 193
20 40
146 162
93 160
21 121
57 72
55 83
126 198
28 181
191 195
135 160
128 196
1 146
79 172
49 189
56 176
108 173
58 75
93 104
7 62
17 87
23 129
165 174
99 177
6 104
59 89
113 125
38 127
1 52
105 159
33 199
27 30
3 102
92 147
31 46
130 173
53 72
84 100
61 135
14 72
6 75
5 68
5 50
35 58
49 72
190 195
7 72
17 136
8 33
8 89
36 109
77 86
8 147
71 162
63 66
25 47
81 193
37 146
3 119
16 23
139 194
75 176
27 125
37 95
37 143
112 188
135 145
69 79
19 158
103 188
135 169
24 80
66 159
157 169
47 168
46 151
39 118
18 106
100 197
25 127
79 169
106 121
36 185
121 178
24 64
6 165
117 121
49 168
186 200
80 147
50 136
35 57
45 162
26 57
104 141
79 161
10 200
34 61
45 144
3 56
7 85
103 164
51 189
100 164
82 129
110 126
1 92
43 123
76 166
27 42
117 200
111 197
127 184
8 76
65 133
44 127
111 192
118 121
146 183
118 165
78 96
88 177
11 83
161 168
36 82
138 151
49 86
17 90
15 124
165 176
45 188
55 97
47 196
186 188
39 156
55 157
98 123
63 152
161 180
2 187
10 178
84 122
185 190
34 189
57 161
40 167
8 30
25 171
37 144
146 149
25 197
48 60
130 199
40 200
51 184
20 23
152 198
49 173
76 162
70 102
35 169
60 104
171 178
47 192
28 89
25 87
13 72
112 164
59 67
9 167
46 135
65 73
58 89
8 29
125 149
158 163
66 124
115 155
43 95
51 90
30 185
88 135
142 199
28 144
163 187
3 199
57 113
29 117
153 183
1 17
59 180
108 121
99 187
73 179
14 176
93 152
139 180
26 45
41 165
60 139
114 186
64 103
93 102
39 127
42 82
49 126
32 133
47 158
17 153
64 174
33 143
70 175
52 75
20 132
52 144
54 76
49 183
119 136
22 164
120 148
92 196
90 133
189 191
53 81
147 168
41 93
10 186
41 91
2 44
3 148
31 118
18 64
40 122
8 155
41 104
155 164
78 114
77 119
43 135
5 161
5 20
122 148
139 171
61 111
63 68
15 196
9 14
27 33
79 179
28 76
10 97
163 183
51 137
116 167
70 134
52 92
65 158
70 157
14 108
18 132
23 126
23 123
149 188
59 165
6 59
111 147
171 188
20 49
99 126
125 144
25 187
33 59
24 114
89 92
56 125
1 149
104 132
131 198
133 152
19 119
1 197
7 26
124 166
35 194
38 116
6 184
21 66
51 167
97 158
6 31
35 64
116 189
34 83
3 9
117 125
4 112
52 86
98 154
32 81
8 98
42 126
4 123
25 74
10 194
67 88
139 178
103 142
127 200
24 84
45 131
49 164
6 126
96 113
117 119
62 130
20 139
49 123
43 126
130 195
77 133
90 98
6 119
45 159
147 180
22 44
62 175
89 137
17 145
56 140
7 68
33 149
94 113
14 195
66 91
67 104
5 158
36 198
9 151
33 132
90 162
94 133
79 175
50 78
25 135
73 118
15 19
29 177
119 172
88 127
71 157
79 150
6 35
145 167
80 137
90 172
11 156
84 129
69 153
82 89
92 197
56 165
103 148
25 116
36 151
14 144
106 136
74 102
102 112
53 93
26 36
122 182
83 123
103 183
123 198
50 85
14 156
127 164
32 177
78 151
103 124
61 113
102 136
46 100
16 148
134 156
105 109
63 199
84 124
44 78
95 166
78 122
27 108
24 42
102 143
10 60
28 62
22 148
64 152
131 188
8 186
102 150
4 76
107 151
72 127
107 174
54 58
100 116
22 87
4 130
68 75
127 182
43 160
98 200
58 109
9 13
27 49
91 122
103 121
13 181
56 102
122 139
13 158
9 87
73 101
25 120
131 144
62 79
44 164
61 189
52 95
13 37
81 98
56 130
50 94
78 86
31 130
129 194
36 171
63 80
5 36
48 147
7 145
82 97
135 149
3 150
18 57
18 175
111 159
58 160
14 180
38 85
52 145
29 127
18 49
70 119
54 94
5 78
54 165
112 180
150 155
91 184
39 112
8 114
10 79
16 133
59 198
34 179
29 74
83 120
74 124
51 158
14 147
137 153
66 136
12 111
95 182
23 112
23 177
26 164
15 53
1 163
55 195
1 135
185 193
22 128
39 142
72 139
24 49
114 129
81 121
5 169
29 192
172 181
21 175
38 47
62 123
42 171
3 145
123 150
128 159
3 53
25 37
40 81
55 65
84 164
39 149
45 95
43 54
11 93
148 198
52 98
38 90
41 148
93 177
96 152
127 158
60 183
83 199
67 69
70 139
44 151
132 159
74 196
177 199
122 188
111 198
80 161
34 154
67 197
79 200
32 72
111 151
83 168
15 130
49 104
13 111
66 154
70 76
164 188
137 187
46 147
26 86
30 187
39 155
175 197
136 158
114 122
80 130
85 87
51 62
95 119
117 198
79 170
52 149
86 184
21 194
7 65
43 133
4 49
110 155
33 120
127 153
47 197
12 129
7 27
24 183
58 187
21 81
31 185
70 122
89 120
64 188
53 154
85 163
124 150
81 139
26 122
183 191
55 63
110 127
118 152
28 106
61 129
57 81
1 79
31 109
82 121
59 108
46 66
88 189
24 185
28 96
19 146
173 187
145 159
13 57
63 76
15 127
43 96
80 135
54 108
44 59
97 140
11 42
17 45
29 123
49 91
57 125
110 150
11 57
21 61
43 164
186 189
149 182
19 99
27 177
10 152
143 147
3 131
14 34
50 110
39 73
4 96
64 97
24 194
67 143
17 71
51 173
18 103
20 172
9 109
18 74
57 184
137 154
80 119
2 171
145 199
167 195
110 112
3 96
72 161
38 167
4 129
41 132
6 42
26 52
24 195
53 64
33 154
29 43
107 200
33 134
71 103
11 15
8 174
91 146
103 113
101 183
157 188
129 158
25 159
24 159
17 77
15 87
198 200
121 129
24 147
7 17
65 151
33 55
69 180
156 177
82 177
4 184
58 106
83 200
77 96
133 136
61 172
52 115
134 183
89 124
3 29
67 199
92 136
10 121
61 86
7 196
58 83
117 148
52 103
39 193
8 151
81 177
31 161
24 161
96 158
54 168
75 149
62 97
22 98
24 162
84 148
5 61
96 107
21 170
67 106
10 19
2 4
94 152
43 139
34 170
2 36
39 123
4 196
32 62
127 171
108 120
68 81
46 71
2 23
7 158
113 199
73 115
8 47
23 67
128 161
57 95
83 194
18 174
4 142
17 70
45 73
76 163
197 200
88 153
41 129
52 72
56 75
72 172
159 200
95 99
66 137
105 151
53 103
16 55
24 27
33 101
9 137
118 143
17 195
99 180
161 190
77 108
18 140
22 199
34 100
123 190
2 82
180 185
16 83
186 195
55 91
46 133
80 198
3 122
10 70
54 126
63 128
99 124
159 188
77 160
100 177
55 152
42 74
36 105
61 139
57 199
14 142
54 125
124 186
111 170
65 74
89 95
60 196
93 107
94 156
10 179
65 157
17 44
83 127
141 163
35 72
33 156
54 192
117 156
105 114
119 146
98 185
114 116
72 181
100 154
20 178
107 195
54 191
11 148
28 34
30 84
34 115
144 197
57 75
49 82
139 192
75 117
114 145
16 57
57 92
9 177
181 187
23 38
60 144
67 153
128 182
7 80
7 117
22 192
110 128
150 183
44 97
134 178
76 102
35 179
24 154
39 185
33 121
32 47
144 194
44 196
26 175
3 28
115 170
64 177
137 193
37 66
19 60
78 121
35 171
154 164
26 48
8 162
106 112
56 105
39 139
68 82
45 199
7 132
19 62
2 123
19 110
14 118
91 157
129 151
45 117
5 8
34 155
11 192
71 96
86 91
51 127
60 80
178 184
129 196
5 104
98 150
73 120
89 175
141 162
31 64
60 152
34 163
72 77
152 175
112 190
37 93
159 166
62 85
49 181
12 27
136 185
120 189
139 175
12 130
194 199
40 76
131 191
136 154
26 99
179 198
45 168
138 191
35 96
4 175
152 161
22 37
82 182
67 93
58 122
17 182
109 164
27 102
92 138
76 177
15 114
60 156
6 146
3 183
23 182
120 149
139 142
7 23
17 143
3 23
22 100
38 41
77 195
81 106
70 163
25 96
9 113
86 180
37 57
49 60
94 170
73 80
109 139
106 153
38 114
76 181
99 191
54 88
104 175
42 46
1 143
42 111
105 132
70 72
139 156
91 194
39 43
54 160
165 196
66 145
71 127
80 84
110 170
22 126
34 160
33 40
16 71
74 154
18 111
72 187
129 138
166 195
133 148
55 151
15 157
42 192
4 186
111 117
150 156
58 136
29 83
43 144
24 40
3 66
25 31
104 181
49 191
133 141
37 122
74 92
150 153
102 187
69 91
75 96
62 95
52 172
29 71
126 156
77 152
169 173
49 160
5 55
1 26
58 69
88 100
16 151
93 117
70 107
38 177
47 102
54 107
6 145
181 183
21 41
35 113
18 25
70 146
60 132
102 194
57 111
151 181
41 53
111 144
17 27
96 112
39 105
160 165
55 160
92 123
56 83
40 162
28 86
117 120
181 188
58 163
165 197
105 108
116 187
79 158
83 136
72 149
78 133
62 161
99 166
39 54
52 104
74 192
42 154
48 73
36 169
75 200
192 200
51 71
99 196
13 93
97 117
42 147
54 61
42 83
52 82
20 159
155 200
119 152
108 137
66 131
143 173
104 184
21 172
39 170
74 89
116 149
40 119
113 174
83 142
34 171
83 169
150 184
114 148
48 123
83 197
60 122
110 129
180 190
10 98
42 142
15 20
134 160
103 165
105 185
184 193
60 161
7 193
52 147
159 197
164 195
56 118
70 80
116 180
87 138
62 127
57 146
21 188
166 185
111 125
34 101
34 62
135 139
97 156
46 174
111 190
17 97
66 135
39 189
21 68
44 103
76 149
59 102
149 192
116 157
102 122
15 122
71 117
27 180
80 157
26 153
92 161
101 111
4 14
101 129
12 29
29 194
14 85
65 198
10 145
10 188
11 49
6 194
86 125
138 147
5 105
12 65
88 110
4 187
57 181
36 133
63 101
15 169
20 153
93 99
99 107
39 129
12 109
176 199
129 182
172 195
131 178
2 76
110 174
24 125
17 52
86 182
13 73
36 137
105 153
46 155
172 189
160 172
5 127
103 139
93 171
52 78
108 183
70 194
120 142
108 199
4 94
117 135
86 97
137 142
90 183
13 91
101 182
164 180
33 114
88 96
73 97
186 199
36 162
30 66
118 129
96 153
82 144
178 182
105 178
117 152
139 167
9 44
6 187
114 187
56 156
49 62
29 52
38 102
45 82
55 174
10 197
86 137
64 67
113 190
35 124
134 152
43 86
66 76
27 111
76 195
89 135
108 178
17 131
17 65
69 142
122 184
87 150
4 20
53 117
16 167
62 96
79 144
86 165
33 73
85 113
45 110
53 120
111 131
10 59
83 109
117 166
149 198
49 113
53 161
17 30
127 185
160 178
50 165
45 119
53 193
125 189
28 171
27 118
15 118
32 61
18 50
98 166
55 161
163 184
2 17
82 173
44 189
6 168
152 164
27 56
140 166
16 33
44 162
105 156
2 62
91 135
97 183
134 136
22 143
110 115
7 121
162 185
168 196
34 169
55 79
62 105
138 160
136 187
5 99
43 76
90 160
81 124
32 78
51 155
29 57
130 153
74 186
142 194
147 182
10 117
123 144
8 178
35 48
80 153
15 113
48 157
151 168
4 38
48 149
53 188
65 194
94 131
12 162
130 144
38 89
60 120
113 200
52 71
24 91
131 182
154 167
59 199
70 166
96 155
102 191
80 190
85 171
12 86
83 133
111 119
44 121
128 152
100 117
166 199
101 159
4 166
63 90
12 157
24 123
9 117
169 177
30 164
102 119
30 173
29 73
128 192
72 136
43 71
70 149
19 50
32 142
87 113
76 79
65 188
57 155
100 157
97 109
41 133
150 186
80 83
39 56
45 133
102 182
25 139
95 148
53 173
124 135
94 128
12 144
146 169
2 14
126 128
79 119
176 196
34 127
104 194
121 124
103 147
32 70
128 151
84 134
160 187
141 197
52 60
49 119
48 68
30 143
143 176
167 176
126 173
176 198
29 193
122 190
15 60
35 79
59 137
107 141
38 65
14 74
81 90
139 169
69 81
17 125
29 172
158 196
50 167
9 128
16 42
74 118
24 83
133 156
2 154
67 122
10 196
86 110
5 163
18 35
107 185
19 127
142 172
153 190
44 57
90 175
172 184
45 77
9 91
19 66
19 181
74 96
179 185
24 112
12 95
151 166
27 92
29 36
64 192
109 127
76 188
155 198
33 90
38 70
20 93
87 129
20 144
77 80
33 115
8 115
44 112
158 197
120 172
85 160
63 74
56 177
117 165
30 86
51 177
93 106
94 174
44 156
152 171
73 149
161 197
16 24
24 74
33 81
88 119
87 176
92 155
48 176
80 86
5 122
95 114
111 199
83 145
34 47
27 186
145 181
47 77
26 110
129 162
87 92
76 80
112 198
18 45
38 157
119 188
53 58
98 159
36 84
47 87
88 143
127 140
140 142
10 14
20 56
54 149
174 198
68 159
47 95
15 94
62 149
41 103
2 164
11 158
66 119
102 176
63 163
38 199
32 161
6 82
57 127
10 148
20 180
25 185
26 169
107 156
116 153
192 194
51 157
86 98
24 187
18 178
68 152
13 130
195 197
3 101
60 154
57 84
30 72
8 37
59 133
90 96
68 77
145 161
114 125
89 108
29 174
49 94
47 70
52 94
122 157
63 178
158 173
37 176
122 132
142 158
36 115
80 200
37 85
30 95
107 138
129 169
172 183
34 167
22 99
104 165
45 141
141 175
86 107
96 171
15 152
90 174
67 193
97 185
50 142
70 106
153 161
99 199
57 78
5 181
55 78
108 110
156 180
113 176
57 69
77 110
115 179
44 171
45 66
78 131
129 176
89 100
7 149
87 149
57 175
39 188
46 156
28 129
12 41
42 163
93 116
139 146
139 168
30 182
150 191
55 119
22 172
21 125
58 180
138 184
93 100
60 141
30 146
8 58
23 157
51 78
39 134
107 118
60 142
94 145
90 119
14 168
49 161
23 192
100 194
36 97
136 196
18 104
122 126
12 160
21 107
91 134
63 100
85 158
32 111
113 136
17 93
143 175
132 193
39 198
112 131
25 160
48 104
1 71
172 185
100 176
20 192
179 199
20 177
6 109
75 138
26 32
3 108
69 74
144 188
42 47
158 161
95 136
1 16
41 169
47 141
75 160
23 139
60 65
116 132
53 199
173 196
51 162
13 29
104 138
148 178
167 188
75 82
73 168
110 196
96 146
132 158
155 177
70 83
51 151
34 70
68 85
3 174
51 183
3 76
14 132
19 141
104 117
121 165
35 98
161 166
7 37
67 167
139 148
37 60
73 76
34 87
31 137
91 105
21 171
29 98
165 187
48 80
68 103
22 155
9 198
106 131
11 68
10 144
176 184
9 38
43 116
54 69
15 90
13 98
109 182
32 97
128 193
25 84
113 134
58 116
31 96
57 134
17 76
19 102
157 172
52 79
31 200
59 132
179 189
10 28
125 148
36 59
64 198
9 193
51 153
188 200
157 175
63 147
3 135
24 149
107 140
54 66
156 162
82 88
84 118
43 58
79 142
26 195
25 179
127 150
137 163
82 189
46 193
90 138
97 110
26 35
31 157
107 197
141 200
52 184
156 161
113 180
62 126
87 185
60 129
85 146
101 127
51 64
106 182
50 131
44 185
164 196
67 136
1 174
52 88
54 189
19 131
15 34
133 139
132 175
67 158
2 172
61 69
54 82
123 165
61 121
9 172
9 67
20 38
81 113
11 159
116 172
56 143
158 175
81 129
98 178
155 158
88 128
19 93
30 46
17 29
140 147
12 23
33 104
71 152
7 155
160 189
65 88
68 195
17 108
160 192
23 69
10 86
93 148
171 198
9 30
50 145
54 124
32 193
110 185
11 185
109 176
81 137
130 177
18 31
31 132
4 168
33 174
118 127
4 44
23 73
134 139
15 197
39 173
25 156
95 123
90 132
113 172
131 185
34 53
92 166
56 187
12 58
12 136
3 33
109 189
10 175
97 113
23 62
137 167
19 48
111 188
81 188
14 194
81 91
12 142
50 198
81 116
127 159
82 134
24 52
113 115
9 31
20 78
76 159
31 125
18 21
51 199
26 38
22 118
18 83
58 131
110 173
18 98
44 182
70 84
82 153
107 171
53 152
23 72
2 69
166 168
12 156
110 148
117 138
131 168
132 139
20 62
75 193
23 140
31 178
23 145
95 191
116 164
120 150
139 193
92 185
45 58
94 109
47 148
111 122
7 52
66 114
68 93
51 54
141 145
21 143
127 178
41 107
155 165
18 189
27 153
71 108
24 37
12 98
113 146
49 125
85 194
129 179
68 88
21 123
5 29
1 169
23 53
13 104
83 85
131 174
32 121
65 131
118 155
124 130
2 155
90 125
116 126
54 162
65 120
32 183
46 125
42 176
60 157
120 156
105 187
158 200
35 114
3 190
121 176
15 80
53 132
84 110
158 170
28 50
83 144
125 179
79 185
69 146
43 138
34 193
133 171
19 186
9 110
56 68
88 162
49 103
11 37
25 155
8 91
108 184
59 155
78 161
91 186
129 144
93 193
3 65
32 155
110 116
29 168
81 144
29 169
150 154
43 102
80 124
29 191
43 182
69 93
112 116
31 58
102 140
114 133
28 177
68 165
1 48
126 181
177 187
40 136
32 53
10 112
4 12
16 119
61 105
28 102
21 137
53 118
156 171
99 112
82 125
40 174
152 172
63 187
79 156
6 90
137 196
16 197
135 167
144 180
52 87
185 191
16 78
142 148
42 141
98 142
28 91
42 73
103 154
20 158
10 116
35 146
51 191
46 51
146 190
7 34
18 193
16 153
29 90
125 138
159 173
75 80
96 101
100 119
101 166
135 178
69 114
53 82
40 56
135 200
13 151
9 194
50 140
130 196
24 78
134 169
45 103
159 172
56 90
59 78
52 133
3 5
122 179
35 155
64 158
3 116
5 45
64 162
96 142
11 73
71 98
111 196
17 189
87 160
20 45
161 183
35 73
48 164
29 58
21 191
34 105
69 123
116 133
17 48
26 174
5 175
178 195
61 160
12 155
5 109
17 51
30 88
191 199
107 144
144 162
54 170
121 177
73 185
52 158
47 125
11 69
77 88
172 193
19 148
79 81
85 92
4 40
145 173
63 78
106 156
66 106
35 199
19 121
53 116
58 111
127 192
58 119
31 154
103 151
37 128
108 140
132 173
131 200
143 195
86 131
137 177
79 126
28 69
41 116
52 73
11 131
158 187
55 166
113 145
10 33
160 196
175 191
20 22
4 57
148 197
40 90
4 31
59 73
55 173
78 150
130 181
45 152
11 79
33 46
50 152
94 116
108 182
6 176
151 155
79 143
155 188
37 86
33 158
149 196
81 152
54 155
16 95
69 183
62 104
146 198
121 171
71 79
71 174
39 59
21 45
157 177
71 182
68 118
125 176
118 200
18 46
13 140
44 134
34 131
15 22
43 149
158 177
22 58
33 150
8 52
126 166
76 101
19 116
42 121
121 181
128 177
24 62
26 108
5 96
40 120
162 171
90 106
68 184
42 102
106 122
86 88
32 101
65 156
13 95
179 190
68 166
31 134
16 45
125 153
7 153
27 71
30 169
21 112
106 163
27 43
63 129
111 184
98 148
147 183
2 57
46 132
152 165
42 140
90 169
23 172
61 150
19 104
11 146
108 194
79 148
30 114
159 161
67 125
66 92
10 102
25 110
57 143
41 44
97 175
60 78
79 130
47 106
87 132
121 137
59 88
68 199
34 77
117 175
25 163
38 125
32 143
136 179
93 157
52 195
110 168
115 159
104 148
39 136
123 168
78 148
99 118
62 98
29 155
59 134
103 169
15 33
119 192
107 147
40 157
170 189
99 102
107 134
159 171
1 44
113 160
76 197
46 134
104 163
62 94
71 102
3 46
94 139
108 181
108 171
71 114
6 134
80 134
93 196
45 78
74 163
62 195
5 193
1 183
34 82
19 177
23 142
149 190
50 144
37 131
151 175
2 5
66 165
22 116
104 130
128 168
46 153
11 166
62 113
66 163
54 176
135 189
36 80
34 135
152 179
69 90
63 111
156 168
132 146
28 116
93 153
161 185
52 197
119 159
143 178
69 159
116 182
189 199
7 9
51 134
99 194
48 58
41 76
23 178
66 155
11 167
72 142
23 183
138 174
28 51
100 151
65 121
19 57
42 113
133 175
115 186
56 122
44 181
123 159
129 153
17 129
21 29
64 132
18 148
77 100
134 200
61 149
46 168
27 176
31 107
67 149
61 151
17 119
119 180
73 156
42 184
87 157
127 177
14 165
80 150
25 43
19 143
107 162
13 185
43 118
98 132
77 167
60 101
112 166
177 179
58 124
4 181
11 113
31 186
57 163
13 15
147 150
36 148
94 103
99 159
17 172
114 169
45 138
19 185
8 79
6 197
62 65
65 77
126 178
10 50
127 157
14 189
112 115
2 79
42 112
109 144
90 189
4 65
114 182
136 166
82 155
94 119
82 105
68 71
27 134
98 152
19 51
64 159
26 190
28 195
105 182
40 121
64 181
23 74
22 68
135 157
102 178
35 148
58 118
26 198
75 157
6 102
70 137
18 119
4 151
104 169
71 146
55 118
47 167
35 131
38 131
15 121
30 92
83 90
48 171
23 71
106 130
125 180
81 156
96 183
96 123
54 63
43 142
134 173
48 88
99 143
101 177
27 155
83 177
83 140
142 179
45 111
154 166
56 180
63 136
6 92
135 188
99 108
15 163
34 174
76 110
75 101
60 176
23 93
135 163
41 195
50 155
5 185
125 167
165 186
70 110
54 180
108 113
43 106
95 100
23 33
133 146
65 108
142 187
64 127
12 153
35 160
26 131
120 131
42 131
12 26
5 73
10 77
68 96
20 187
71 196
21 149
50 99
129 187
143 187
97 104
49 54
68 170
60 77
30 194
25 45
20 197
20 84
48 137
53 167
93 159
21 161
33 113
153 187
50 63
66 138
27 104
84 153
11 172
4 79
170 188
25 41
57 128
86 134
49 95
5 117
30 172
25 195
42 71
108 151
37 111
36 94
85 164
64 105
180 194
58 195
74 129
9 192
57 158
86 163
53 176
123 182
69 76
98 195
47 59
28 92
17 193
99 136
124 151
27 93
42 132
66 69
108 130
34 140
20 70
55 121
36 140
98 139
15 26
49 190
31 91
89 172
54 175
114 166
87 106
177 183
174 194
16 183
155 185
2 27
57 191
68 157
67 175
79 131
66 81
140 188
87 148
64 75
5 33
43 186
62 144
109 172
124 136
41 193
124 161
37 75
51 165
65 76
31 176
68 128
71 104
23 169
5 100
51 149
55 178
172 177
75 184
45 84
27 194
60 160
48 148
102 127
8 59
30 167
4 121
27 132
25 134
116 144
72 74
13 167
10 177
66 99
66 190
57 76
42 146
37 79
7 165
137 165
154 181
35 63
23 163
91 126
2 159
16 135
35 112
95 117
16 34
111 179
82 145
34 102
54 56
36 182
30 74
59 92
26 87
44 110
71 166
84 93
110 113
104 125
75 103
25 166
91 190
41 163
14 60
12 198
171 186
5 46
90 99
117 185
76 144
36 178
131 136
56 98
14 76
138 150
65 82
110 125
29 185
38 147
44 154
43 60
129 180
123 143
48 122
62 117
13 21
136 190
57 200
56 150
112 126
18 30
34 84
14 37
122 162
36 71
146 148
4 144
161 184
74 155
16 70
68 115
102 186
37 139
41 70
81 93
182 195
28 56
39 191
28 187
55 147
51 196
27 163
14 33
38 113
58 179
97 122
6 23
58 172
63 197
53 65
164 184
48 127
60 110
50 89
100 148
74 97
101 198
33 178
1 34
34 37
79 83
49 141
92 131
73 196
114 139
140 177
17 110
105 123
144 189
23 103
116 181
58 80
51 87
46 48
6 24
64 86
57 79
70 176
4 169
110 138
134 171
42 69
82 117
115 144
4 137
40 188
45 189
8 126
2 35
54 84
68 100
36 95
161 191
77 99
38 82
12 116
83 130
69 171
156 167
21 129
103 171
50 93
151 174
83 112
118 174
157 162
95 156
39 131
113 118
60 109
19 188
14 105
100 183
6 113
113 117
146 185
81 181
176 182
80 159
75 77
20 127
62 171
78 163
96 198
30 80
151 170
44 124
44 199
36 39
66 70
104 150
63 144
6 33
60 112
138 149
139 198
66 193
57 116
33 165
22 24
40 96
41 124
1 118
169 175
90 117
23 95
8 160
36 63
23 37
38 64
31 86
21 128
67 100
76 158
93 162
94 149
47 159
168 173
30 101
83 105
108 131
155 187
72 125
4 48
46 116
93 95
103 132
71 163
122 197
121 174
17 86
68 111
18 23
38 83
91 195
15 54
33 168
4 198
31 198
165 178
94 153
190 199
115 134
48 101
22 75
24 124
33 36
137 186
39 119
17 37
54 178
75 180
18 40
114 198
63 122
3 25
98 111
50 162
59 104
98 103
33 79
27 84
14 62
105 138
135 190
128 183
25 188
134 177
13 186
79 104
135 198
12 73
18 29
8 164
32 69
22 141
80 160
29 157
49 171
86 120
146 170
19 173
94 137
48 97
81 171
39 52
40 172
122 181
81 114
78 115
75 166
63 123
40 84
126 183
115 182
148 153
189 196
25 140
91 131
115 157
118 120
82 116
29 31
20 169
42 187
69 130
155 168
5 65
162 194
1 60
54 129
106 173
32 74
10 161
11 175
86 160
79 152
96 177
93 101
1 167
149 169
28 100
133 151
105 166
42 119
23 64
58 171
40 123
58 168
50 174
16 112
16 84
42 63
54 152
163 195
29 79
4 178
40 108
77 184
36 102
81 97
180 197
11 178
29 51
32 179
14 121
28 120
17 184
79 96
129 135
8 171
124 155
124 189
37 145
149 172
95 138
103 170
86 135
68 197
57 115
44 117
81 180
135 141
147 184
69 168
3 98
30 200
132 147
87 163
65 105
69 84
85 125
52 188
22 149
74 136
46 198
21 57
72 150
46 88
2 116
116 179
174 200
170 200
62 192
44 133
103 176
22 145
22 152
9 77
90 164
38 140
10 103
1 165
61 107
130 150
108 157
22 65
34 130
35 83
34 196
34 60
18 56
47 200
17 190
8 134
72 123
114 144
1 96
144 173
15 150
134 166
63 70
83 189
97 106
10 120
81 145
143 170
84 171
74 158
27 117
18 194
101 124
42 55
5 179
30 93
64 200
69 116
7 114
89 133
28 97
5 69
15 31
45 176
14 19
40 180
25 152
103 187
15 81
32 127
41 149
17 59
119 199
182 184
28 174
33 200
103 112
92 171
151 165
190 198
25 129
41 185
90 159
110 167
61 78
107 159
15 128
107 136
28 142
6 99
6 154
12 83
54 90
26 49
56 66
131 179
108 175
157 186
68 110
153 167
89 128
8 101
73 96
80 145
32 46
12 66
66 157
74 159
14 187
13 79
3 89
107 127
119 175
23 194
70 104
20 76
126 200
159 165
160 195
22 183
3 87
115 127
22 165
12 42
31 122
133 147
144 181
31 124
22 26
29 184
21 190
85 112
56 179
51 109
172 174
112 169
93 130
33 189
38 55
15 56
45 92
43 88
140 173
22 146
116 142
49 130
84 144
20 50
9 185
58 90
164 175
49 77
14 77
16 124
129 131
93 131
21 113
154 187
44 52
123 172
44 64
63 94
107 133
110 183
137 145
65 154
34 49
76 83
93 111
114 183
15 23
70 88
34 96
38 40
46 146
145 147
59 96
50 92
19 69
47 169
49 71
17 106
85 196
4 145
27 77
46 199
98 137
185 188
120 157
146 189
6 150
76 164
91 166
78 130
58 137
171 196
162 166
12 120
74 116
110 132
42 115
40 177
143 191
166 190
43 137
18 97
85 168
77 163
172 188
28 98
40 182
29 46
15 182
186 190
13 16
86 154
79 133
129 141
67 71
131 173
87 191
115 145
24 35
58 173
107 177
33 74
49 93
82 140
23 118
68 116
104 197
62 78
59 112
147 197
49 89
48 180
131 181
92 141
13 138
64 197
59 141
81 166
91 94
10 162
92 117
177 196
106 115
89 183
66 153
107 169
8 168
35 82
22 157
19 122
44 106
108 159
73 114
75 177
80 100
114 155
112 159
58 158
22 154
94 182
82 106
8 118
40 113
33 162
22 137
120 141
35 81
90 110
147 195
90 145
20 135
5 137
45 157
71 125
66 118
107 173
36 62
48 138
130 142
7 102
146 155
24 28
85 115
20 123
144 192
50 154
13 38
73 92
19 171
27 73
26 194
77 178
109 153
50 114
110 120
20 111
12 99
148 174
184 199
177 186
154 159
52 155
13 36
76 121
103 108
7 198
96 109
39 174
104 164
33 118
35 180
23 107
26 90
67 108
16 200
64 82
71 107
72 158
77 123
18 117
73 199
142 147
15 48
160 179
18 171
170 197
12 100
66 175
1 178
22 76
17 168
141 183
100 106
59 74
180 198
117 153
7 161
24 134
71 186
166 173
150 198
17 82
11 180
15 61
70 161
120 132
46 110
55 156
97 190
115 118
2 180
168 181
79 195
97 148
110 122
100 129
79 91
106 139
122 173
90 100
38 99
44 73
44 174
79 85
160 191
153 168
57 96
14 47
14 24
99 170
31 73
51 174
42 180
100 166
50 107
51 170
178 186
97 137
93 146
13 90
177 182
8 96
90 109
135 165
89 94
119 138
132 155
56 157
74 162
50 194
19 199
90 168
107 192
55 74
15 17
70 148
44 63
76 167
42 49
146 152
128 200
23 46
110 124
7 111
24 169
6 77
49 116
113 178
52 151
134 196
156 178
33 39
97 178
7 163
97 126
88 130
141 158
60 199
148 154
22 51
19 196
115 151
9 68
20 143
71 173
41 168
103 140
29 54
72 168
74 77
23 147
47 49
104 146
85 127
107 167
89 179
143 159
6 49
98 194
38 111
2 130
93 187
135 164
63 95
12 108
49 156
50 141
48 144
185 187
155 176
78 152
162 198
17 79
36 67
95 193
71 100
32 36
27 171
64 184
86 157
86 188
46 80
104 200
7 76
21 39
174 190
14 103
25 61
19 192
98 105
47 91
66 121
32 94
22 130
135 155
27 142
105 120
101 199
37 140
89 105
65 187
37 148
1 109
45 86
114 142
82 148
192 198
34 186
104 115
50 156
136 178
68 72
111 174
37 185
42 145
20 87
48 81
124 164
55 167
109 194
12 36
133 145
130 145
42 48
42 103
86 89
80 164
112 184
152 190
97 179
119 141
13 147
30 60
117 184
43 112
12 107
49 74
86 103
18 179
42 44
72 88
104 161
40 53
1 196
48 131
20 66
16 158
144 172
107 128
18 166
79 188
28 39
10 18
55 66
33 144
117 188
88 141
70 94
19 28
53 143
70 164
152 185
139 151
36 188
56 108
17 128
75 145
87 91
33 88
121 140
95 169
4 64
17 197
1 112
16 74
47 190
63 93
83 86
47 85
89 153
117 199
27 87
127 194
22 103
130 192
86 162
108 143
27 195
2 185
76 117
56 85
8 31
61 73
10 125
122 176
61 167
47 84
12 93
45 134
6 107
59 129
18 110
130 149
43 114
69 199
32 106
119 142
40 102
136 161
11 188
107 130
125 182
162 168
51 61
10 193
79 151
10 171
96 145
44 193
22 138
31 79
81 157
2 190
12 57
141 156
41 159
64 66
79 181
5 14
99 101
21 59
99 111
50 191
87 164
84 87
141 153
71 95
40 193
47 111
15 105
121 130
87 141
4 100
33 64
50 149
69 200
89 111
38 196
78 190
108 170
24 151
95 150
141 199
52 65
50 83
88 148
99 150
49 151
29 81
35 75
31 145
147 169
48 158
44 61
23 176
13 131
1 171
135 187
57 157
12 146
12 104
21 90
7 147
74 171
6 13
47 176
70 73
7 134
59 153
34 152
107 121
82 147
157 159
42 91
18 200
106 159
13 141
112 163
122 135
91 175
77 87
87 169
122 192
146 163
41 115
58 162
10 165
37 129
88 186
21 126
146 153
95 200
145 174
14 184
165 183
1 13
97 146
20 124
60 107
37 117
81 88
44 74
95 168
89 155
16 169
117 141
151 182
93 143
31 126
7 180
52 124
99 183
7 92
76 191
23 52
44 195
153 163
110 165
126 137
169 192
13 59
65 191
5 142
55 188
59 81
18 120
81 123
171 192
67 154
23 132
75 141
51 69
24 47
80 127
60 92
132 143
22 115
158 198
134 192
107 154
74 152
31 104
3 192
28 152
55 115
84 160
32 55
8 165
20 138
3 26
16 161
10 111
173 183
58 133
6 14
105 131
125 174
155 196
51 147
95 160
86 149
18 196
8 166
39 166
42 116
71 83
78 200
58 62
79 165
41 146
22 195
112 172
93 103
7 154
21 157
16 140
14 115
22 57
41 101
112 173
44 135
50 60
39 58
25 169
31 70
48 61
78 119
83 153
45 120
89 134
67 116
41 154
21 94
125 130
58 188
39 150
28 72
7 188
111 139
38 161
151 190
119 162
73 141
86 124
40 42
182 198
153 197
40 143
84 106
102 192
64 165
123 128
86 183
19 53
53 61
17 183
152 180
6 155
66 108
90 147
11 86
76 131
49 107
23 159
171 179
124 183
46 121
185 198
55 175
111 123
59 142
58 96
6 167
168 200
22 170
49 146
24 150
151 186
52 76
66 90
59 121
66 156
70 185
50 95
25 162
131 150
28 188
37 50
115 177
61 68
77 171
78 158
36 65
134 195
7 15
41 120
93 198
10 49
122 164
146 177
131 163
10 67
94 171
155 161
50 87
47 88
45 72
36 88
60 106
13 25
48 89
92 119
4 180
146 195
104 199
144 193
121 131
38 87
52 111
173 188
62 180
1 58
49 136
158 167
104 109
84 107
126 197
140 178
114 171
25 78
48 170
42 165
154 178
98 158
33 131
147 181
32 165
121 188
90 136
140 163
2 145
7 19
139 152
116 197
146 197
21 189
42 123
6 139
89 182
19 59
26 148
20 190
107 112
44 140
92 122
87 182
152 183
14 52
32 76
22 96
120 173
123 145
68 131
105 190
7 84
35 185
12 16
62 80
81 103
30 89
33 169
37 69
91 125
73 117
150 157
22 61
137 152
8 95
50 124
81 99
166 198
105 184
166 172
9 28
152 170
35 122
104 131
25 77
26 165
124 142
49 110
30 144
69 156
36 146
26 67
113 173
87 167
25 56
145 195
30 78
101 171
100 184
19 175
89 156
160 182
153 155
68 155
8 124
141 146
45 174
109 128
76 119
81 183
142 178
128 169
2 91
23 63
59 138
4 179
78 183
115 125
44 109
14 63
123 162
26 166
34 71
5 140
1 166
134 184
118 141
57 83
141 196
123 180
61 148
20 71
14 102
32 184
123 126
64 77
130 179
99 164
102 156
18 137
21 72
17 159
39 177
82 111
112 154
98 104
18 177
18 172
30 87
15 35
88 190
86 141
31 129
39 101
50 177
21 199
78 83
52 156
112 137
113 138
40 94
37 115
6 18
1 182
125 141
183 194
50 184
3 40
24 200
128 198
138 164
48 51
105 130
48 132
4 165
187 200
10 21
68 97
58 134
83 158
24 148
105 122
169 180
45 160
2 198
135 180
34 72
1 5
4 138
170 180
32 164
167 177
48 87
62 76
29 38
19 149
16 51
150 195
26 150
35 69
167 178
93 150
65 160
126 194
24 158
39 179
65 138
92 153
61 175
129 163
136 175
21 136
93 122
97 191
54 177
27 69
89 139
109 151
31 72
7 49
22 109
57 178
113 196
114 136
26 91
144 170
4 71
19 147
30 188
25 144
26 55
48 119
62 176
40 91
76 198
5 187
80 91
149 173
91 138
80 103
148 184
65 99
8 116
96 200
65 142
118 132
91 165
29 86
69 73
10 37
34 112
63 166
59 80
145 154
18 85
118 178
13 60
35 93
22 110
121 127
45 165
71 129
25 157
109 166
44 88
37 132
107 125
13 143
55 144
53 104
48 177
35 50
182 191
63 198
29 97
47 57
24 198
39 57
24 36
140 198
103 166
15 75
69 139
61 117
89 193
62 182
17 127
47 116
28 137
19 76
11 28
18 163
91 167
90 198
53 94
58 182
64 185
97 121
78 147
135 181
147 179
11 163
33 161
110 186
7 54
124 154
74 176
58 99
64 114
194 198
36 92
48 192
183 188
56 139
37 72
73 187
57 147
3 151
92 182
62 86
20 140
7 171
83 135
48 86
23 41
4 52
53 76
44 158
27 148
50 187
92 194
111 163
106 149
123 191
8 25
151 153
87 174
23 171
6 118
169 184
3 160
136 195
2 178
57 187
106 157
99 134
7 175
2 39
51 130
50 112
41 79
16 103
14 49
42 75
12 54
82 199
17 81
80 88
107 158
87 133
75 147
95 120
105 199
80 163
43 104
23 43
126 136
125 183
16 154
106 160
89 117
154 192
57 110
31 80
48 53
66 78
17 130
45 147
63 188
87 193
118 177
96 192
47 164
3 178
24 160
11 99
127 179
53 80
96 138
8 189
43 68
7 191
9 73
31 35
15 98
81 143
103 173
88 172
57 126
75 113
47 126
13 69
125 196
77 83
6 153
71 110
32 92
27 167
12 17
57 141
11 103
96 190
36 117
106 116
9 115
36 53
56 106
72 175
93 147
65 113
103 180
41 88
14 61
150 174
154 183
85 106
39 167
141 168
144 174
11 51
167 170
96 194
60 126
141 171
105 180
81 119
90 195
137 147
83 88
113 198
18 197
31 105
39 147
14 182
176 192
1 22
83 198
57 59
73 176
71 142
60 127
129 173
90 194
5 64
84 150
110 158
75 108
42 66
1 162
54 158
21 178
44 65
195 200
82 188
52 74
64 142
36 141
97 172
101 185
56 121
54 166
89 173
49 124
8 185
62 67
84 163
10 127
24 97
53 131
115 172
127 145
104 174
15 161
65 181
79 94
13 156
31 142
35 90
45 164
49 167
60 143
2 112
14 104
49 122
123 148
93 132
158 186
15 132
130 148
43 70
76 155
65 135
49 51
64 121
56 175
169 183
26 171
5 110
46 84
80 176
51 161
123 176
173 190
45 62
32 144
22 46
33 145
142 181
39 148
44 75
98 112
94 140
124 191
31 42
71 176
47 78
60 171
36 176
35 149
84 133
56 144
92 101
127 172
85 188
26 68
55 177
111 180
29 61
43 117
142 186
19 22
12 84
95 102
57 183
77 148
137 191
133 158
26 157
87 188
57 166
53 171
88 161
75 158
99 198
110 189
29 173
110 159
10 157
141 188
4 47
119 184
7 138
111 161
56 151
17 185
74 137
42 177
34 92
46 85
41 73
47 156
35 178
108 122
124 192
169 172
78 195
5 24
58 170
110 118
117 186
86 105
102 132
70 128
68 121
21 117
133 167
3 7
48 185
42 54
38 48
122 155
63 119
2 107
30 168
65 112
146 196
15 70
109 181
41 135
30 179
17 33
21 138
143 146
5 192
72 153
20 125
48 191
2 13
94 97
33 86
72 191
17 179
166 184
12 63
29 197
43 155
37 44
162 182
78 174
78 94
37 164
11 35
29 162
57 169
99 132
29 120
110 192
56 129
22 43
114 138
52 105
68 84
55 127
25 88
45 183
17 105
54 101
49 102
112 141
18 152
6 116
40 99
178 187
161 163
69 104
17 50
155 169
28 200
40 138
40 98
3 110
8 150
70 132
69 149
165 195
101 148
23 191
166 191
126 193
112 118
16 56
65 118
28 83
70 159
26 76
62 99
125 160
30 175
5 111
9 103
153 181
94 175
48 111
59 177
75 81
56 82
133 198
25 108
128 174
177 181
143 168
15 153
107 124
23 148
148 152
91 158
31 187
119 170
79 97
27 139
31 196
33 129
71 115
93 118
70 177
14 106
142 188
37 91
55 128
110 136
75 187
14 155
145 184
101 144
39 107
69 83
2 29
92 106
145 191
41 150
15 164
93 183
99 168
1 30
32 48
33 75
65 141
91 127
26 31
11 85
59 152
33 41
50 90
59 163
39 62
187 194
15 100
4 109
47 151
126 131
3 97
56 174
33 111
63 84
113 148
145 152
90 108
61 169
87 152
4 68
42 150
88 106
21 56
65 81
60 68
72 113
53 194
21 62
106 118
11 161
12 46
21 179
57 171
59 179
20 114
182 192
50 58
47 83
80 102
25 30
91 95
121 132
22 124
15 40
80 177
43 63
11 126
6 143
37 64
2 158
12 20
23 186
52 97
32 135
30 81
43 131
65 103
24 76
27 165
9 41
71 191
69 152
107 181
24 66
167 193
23 113
75 167
7 128
7 183
179 186
9 47
109 152
132 199
106 185
9 108
115 194
3 37
64 141
7 75
93 195
78 81
25 141
47 147
119 121
84 123
4 63
4 80
103 189
1 130
47 56
3 91
41 194
52 125
130 172
130 174
59 170
94 102
46 117
88 95
103 119
135 191
2 41
154 182
56 136
66 187
92 165
49 200
58 114
76 199
12 50
134 157
17 24
81 126
2 197
52 148
122 195
127 198
16 22
37 77
32 154
62 150
157 192
41 200
98 167
110 130
80 183
173 191
51 139
89 104
24 191
41 92
69 185
37 63
78 117
55 148
73 82
41 47
43 65
45 107
17 149
114 134
44 46
1 199
2 161
71 93
101 114
25 131
31 85
72 96
4 92
74 88
98 114
1 119
137 190
31 110
162 184
149 177
15 149
58 79
47 172
30 97
177 188
79 101
11 91
81 159
106 146
96 193
115 130
47 92
27 95
119 163
68 146
14 50
69 161
103 156
8 26
21 38
120 192
89 165
17 162
147 187
29 33
67 89
68 172
162 178
137 176
72 92
95 170
36 72
72 170
175 199
91 143
107 150
15 180
25 200
156 169
64 150
45 109
129 185
105 171
127 191
43 77
7 10
56 78
92 104
77 154
117 176
67 164
73 95
142 170
74 138
94 183
122 193
15 51
13 84
99 137
39 128
16 177
64 71
11 30
89 169
67 120
87 97
10 169
71 200
41 45
6 22
23 44
86 126
8 123
16 86
25 64
113 159
159 199
82 159
142 167
71 189
2 51
12 177
11 114
23 165
16 192
23 45
10 168
107 142
36 52
66 115
76 152
72 152
85 200
8 61
19 101
39 106
115 121
4 16
35 187
28 132
33 100
77 159
21 63
8 156
23 144
59 64
28 194
93 124
16 65
82 91
36 183
57 64
70 82
91 103
61 114
123 157
41 112
159 174
58 129
28 41
33 140
19 55
57 121
132 153
1 20
36 113
174 179
29 182
68 105
25 132
5 134
8 135
166 193
7 139
3 127
87 189
34 43
97 111
56 137
137 164
31 148
123 167
7 152
45 158
130 165
13 44
94 124
58 165
34 48
43 46
152 181
85 190
68 124
88 168
76 96
22 50
71 177
6 151
40 45
41 95
64 130
101 118
12 132
34 90
66 140
183 190
20 149
26 113
74 195
189 194
36 135
63 116
56 158
4 91
125 177
14 170
47 64
168 190
60 173
8 121
15 110
122 180
34 132
72 105
87 115
128 160
26 56
77 91
85 101
109 173
143 189
28 45
67 181
39 126
89 171
125 172
174 193
29 66
55 58
159 170
133 150
64 85
18 109
7 172
64 196
30 57
79 193
65 123
47 115
7 94
38 96
90 120
51 124
63 117
55 80
58 64
26 188
106 168
66 110
82 98
126 134
64 101
45 192
45 186
45 49
11 43
118 133
118 188
72 135
140 146
102 116
75 161
46 56
111 142
11 121
29 56
15 41
39 72
113 116
6 88
68 89
7 136
153 194
66 112
57 136
45 60
51 96
23 137
37 137
150 178
13 198
188 197
92 177
158 193
79 199
94 157
99 131
33 175
56 110
120 188
17 20
44 114
38 74
33 105
175 182
137 197
64 108
12 44
100 134
71 78
63 155
9 24
18 91
70 144
62 116
179 192
128 191
133 184
102 126
71 136
74 153
107 157
73 112
58 183
62 159
91 189
98 165
43 174
41 173
83 124
9 161
24 182
58 132
69 122
101 153
167 179
54 115
143 164
24 145
59 154
42 81
31 199
49 147
18 93
8 194
88 165
43 66
129 146
22 200
11 200
1 180
13 134
78 156
113 121
70 191
38 44
194 196
59 158
32 95
33 102
112 151
154 188
41 49
144 178
49 98
101 140
43 59
44 148
97 116
54 139
102 177
127 131
131 162
18 155
86 123
77 101
162 179
68 182
69 191
51 117
108 166
182 187
28 196
73 89
128 179
5 102
100 147
58 146
32 79
25 146
21 98
4 62
21 160
34 110
18 164
21 51
43 180
121 133
109 187
30 148
57 139
137 173
34 129
46 157
42 151
63 177
150 180
72 128
31 48
2 78
38 178
110 172
37 54
144 179
26 142
134 198
76 132
115 150
59 124
8 196
77 145
5 17
91 192
92 195
64 175
90 151
129 160
158 160
126 167
159 163
24 116
68 200
53 159
33 142
107 183
76 104
18 150
46 138
15 89
108 197
135 184
113 197
35 162
41 164
88 103
1 141
163 181
40 149
107 155
39 83
172 198
15 92
89 163
4 60
19 35
121 155
36 45
113 143
93 96
48 160
113 181
2 24
150 182
3 45
90 135
1 161
31 55
134 155
23 30
3 142
61 123
122 147
55 96
120 137
181 198
27 29
39 70
105 148
136 159
95 183
119 129
130 175
57 86
137 161
109 184
10 185
151 176
61 115
37 48
98 119
12 197
36 79
37 158
23 87
138 196
13 75
28 121
16 186
70 90
31 131
46 152
21 99
26 107
30 126
93 191
13 117
9 147
25 102
120 123
126 169
31 78
155 175
188 192
12 147
24 38
35 134
77 98
91 161
53 174
49 96
142 176
34 103
72 99
60 89
24 94
124 128
31 76
37 160
141 184
122 175
25 82
55 82
32 132
69 131
42 98
9 157
120 144
177 190
154 174
107 160
115 192
68 192
57 142
2 20
81 128
39 143
125 146
143 160
34 136
5 31
149 174
4 34
72 133
1 181
130 156
5 153
18 156
10 88
58 102
142 184
121 145
103 128
66 173
81 94
54 182
30 180
58 153
166 196
1 86
82 157
70 101
7 179
52 140
7 130
77 103
128 162
125 161
42 88
12 117
9 106
56 164
61 161
21 86
19 84
50 153
97 127
63 103
75 191
95 104
90 94
21 147
48 121
13 42
127 143
14 92
34 74
58 120
51 138
23 66
100 163
12 179
49 196
78 116
52 150
164 178
61 131
112 135
21 164
11 193
2 42
166 186
16 73
73 160
35 159
126 175
13 101
4 177
84 178
72 80
41 153
56 93
132 171
6 192
39 171
103 143
143 158
10 137
86 159
120 153
14 23
150 172
42 194
68 189
52 85
127 188
28 197
92 149
96 115
72 154
116 124
20 195
116 123
3 166
35 86
45 135
102 170
58 126
23 151
128 187
36 152
39 102
49 142
94 101
36 121
29 176
60 174
117 139
37 196
53 184
63 138
141 161
63 125
84 193
28 163
91 200
70 165
17 111
80 166
79 88
68 179
155 181
175 195
4 27
28 66
47 133
146 150
48 133
9 55
152 188
81 189
116 165
124 199
100 135
86 178
17 176
21 106
53 109
178 191
74 189
47 104
91 109
60 73
112 142
46 67
1 175
65 170
83 95
128 146
146 154
3 68
99 115
122 141
83 159
179 181
1 53
37 82
6 185
82 179
43 184
92 140
160 167
121 172
57 174
36 159
2 28
43 157
20 95
101 172
62 174
69 87
43 79
44 178
76 182
97 167
55 169
45 97
51 146
74 121
47 107
161 200
31 51
105 172
77 140
166 170
25 124
98 140
104 162
61 118
54 65
37 123
24 109
5 172
97 194
5 91
67 168
111 153
1 157
6 117
55 123
74 197
141 170
106 148
63 92
82 161
148 189
57 149
133 194
26 118
33 117
79 107
159 177
80 193
186 192
2 119
84 91
59 90
112 125
122 185
118 173
35 89
3 86
68 99
36 166
96 164
103 159
5 7
17 192
50 65
108 134
94 191
8 157
123 175
42 137
123 153
107 196
42 87
149 180
144 190
94 96
43 127
61 171
81 187
131 189
4 161
40 58
71 192
65 169
150 161
54 167
69 134
98 106
72 90
118 147
76 139
11 96
143 172
58 199
49 84
7 127
80 195
64 193
84 130
154 185
71 149
12 112
95 139
138 179
47 112
4 25
139 195
77 94
40 139
54 71
4 46
5 168
112 139
24 189
58 127
123 136
92 173
10 139
8 109
137 194
98 189
111 167
134 188
84 119
12 88
18 70
95 153
158 185
39 80
35 110
153 169
69 132
35 161
8 105
75 173
4 131
144 184
74 172
35 188
72 121
62 178
8 169
54 133
59 144
57 89
172 179
47 173
12 174
24 32
2 125
58 142
22 40
50 79
5 18
102 165
3 47
9 130
93 137
157 168
21 153
3 198
23 167
131 194
2 99
9 159
91 141
22 191
51 187
4 36
95 115
36 131
154 195
67 129
73 151
28 60
18 162
98 115
64 123
136 188
125 129
161 165
20 83
78 137
127 130
91 100
135 144
81 122
24 127
70 142
17 80
15 59
49 154
149 162
127 169
130 187
26 89
73 170
30 73
157 189
27 145
152 191
64 139
58 87
96 176
10 166
131 180
16 98
43 195
16 160
32 188
81 192
27 188
59 114
171 189
74 86
6 41
97 123
21 200
41 140
20 168
17 74
41 128
126 143
115 135
106 193
28 46
44 83
78 120
164 189
88 175
62 112
19 112
19 34
39 110
189 198
117 127
80 146
134 153
21 60
25 125
8 64
35 65
79 102
54 109
122 168
22 52
119 186
144 200
110 145
32 126
44 111
91 108
159 180
65 189
11 71
132 163
16 105
38 118
12 133
44 67
47 175
47 199
161 173
30 134
88 159
87 151
88 180
83 132
49 157
84 121
80 98
173 181
36 129
56 184
37 147
115 158
80 142
61 192
27 187
131 154
156 172
31 171
138 152
19 163
41 184
120 174
169 187
20 137
45 172
18 43
32 88
77 162
56 159
88 166
20 77
87 116
86 128
145 190
158 162
15 176
54 74
139 186
72 180
32 43
123 164
114 146
106 125
26 121
50 115
89 186
67 115
38 136
101 149
32 181
121 156
104 128
151 167
5 114
85 198
150 152
5 165
61 72
57 133
132 192
4 147
29 151
86 111
88 169
65 192
19 78
79 103
40 168
173 185
73 130
7 30
88 109
15 160
64 131
100 137
21 176
109 117
148 200
40 75
164 182
50 143
155 171
70 86
96 119
47 191
136 184
53 162
23 155
49 83
52 194
88 90
22 32
59 95
23 117
22 120
36 98
45 55
141 149
63 102
77 199
137 175
53 146
89 166
45 63
108 132
2 127
27 107
9 12
46 150
140 191
102 147
85 110
58 94
122 178
35 193
85 138
40 71
132 176
154 163
84 146
128 154
90 186
26 40
16 35
15 120
6 8
102 171
21 47
47 50
30 132
71 94
48 194
18 170
156 188
64 199
40 87
8 99
17 198
129 132
84 188
48 135
182 185
32 107
84 158
44 104
41 183
16 44
33 71
124 160
158 183
5 126
25 174
170 176
84 155
46 177
49 63
124 190
67 123
177 180
157 184
159 181
91 123
113 130
144 155
101 193
8 39
107 193
75 97
59 83
68 173
46 93
41 61
14 111
32 158
40 118
91 199
16 196
67 192
38 165
4 170
111 195
6 71
49 138
27 65
84 198
123 131
11 169
69 125
88 154
18 192
56 172
20 109
25 182
25 65
71 76
85 111
68 190
70 138
68 142
30 32
89 162
126 161
49 192
121 193
32 118
7 39
38 133
88 98
58 63
50 135
56 189
33 96
2 109
9 129
47 157
39 109
154 171
69 137
76 127
23 54
67 157
19 155
32 176
51 93
59 72
155 182
3 171
140 164
30 91
5 38
102 151
40 79
130 170
26 78
77 89
37 133
34 41
17 124
94 126
99 140
104 145
101 167
40 128
92 190
105 127
110 141
77 161
158 192
3 79
73 150
102 123
52 83
125 133
131 151
43 134
151 184
36 58
141 191
20 179
99 120
1 97
170 193
63 130
88 124
16 191
1 168
12 21
77 141
98 179
11 189
100 149
106 155
118 142
63 97
145 172
73 135
117 164
183 186
55 158
73 79
66 188
12 40
105 113
22 27
169 176
89 174
42 80
122 151
74 104
92 102
1 156
138 162
47 149
16 149
11 74
73 99
161 172
40 68
27 91
33 148
31 43
9 179
118 172
79 110
71 123
117 190
101 122
126 157
97 184
94 148
37 183
14 130
3 74
58 184
113 187
50 76
50 179
156 197
51 172
41 142
67 79
28 44
62 92
17 40
27 120
25 117
48 134
73 145
2 96
64 69
131 166
37 42
2 114
50 103
53 160
80 120
35 158
23 88
11 173
53 67
26 116
5 10
57 88
53 90
112 181
36 190
18 100
78 140
17 150
40 191
6 188
61 67
136 200
12 123
13 164
146 193
46 96
1 185
1 81
10 16
186 198
118 195
124 197
19 37
155 170
144 158
107 111
100 120
43 98
112 130
133 185
110 152
141 193
58 139
73 133
47 139
19 30
22 150
86 200
20 116
135 192
8 80
58 148
107 145
10 176
80 189
142 185
71 137
28 93
113 144
24 113
78 159
128 197
53 70
105 142
22 102
3 144
142 161
95 154
104 151
131 186
49 184
52 56
99 184
46 154
147 166
2 135
126 196
76 95
117 159
117 129
1 99
67 182
159 182
49 145
170 190
22 70
29 149
68 139
21 31
29 92
162 196
80 171
16 41
70 75
70 172
118 144
21 133
99 147
115 140
72 156
118 162
35 68
64 84
59 178
73 197
182 194
163 191
5 83
67 83
39 178
8 27
26 180
113 158
57 195
3 169
22 144
4 11
89 97
23 35
14 97
92 181
53 62
19 90
3 80
97 120
72 141
61 122
53 127
93 182
177 184
71 151
39 158
72 186
4 167
47 96
74 82
35 117
17 135
24 71
33 66
43 178
34 109
45 57
5 171
172 182
13 133
42 135
79 125
31 69
95 163
55 196
88 149
50 121
112 129
69 147
100 153
9 34
14 56
97 155
38 68
98 188
46 195
46 73
63 160
44 66
5 34
119 185
166 176
172 187
111 116
26 161
77 131
117 130
74 139
75 195
81 133
62 132
27 53
12 165
20 48
154 169
24 79
15 45
1 21
72 78
97 164
2 194
103 106
4 33
27 98
119 156
171 176
75 192
81 168
82 152
118 125
22 89
7 187
65 127
47 128
5 62
93 164
29 84
124 158
27 103
21 103
8 84
117 155
25 80
89 188
32 152
6 20
6 81
46 182
30 190
12 127
115 133
15 175
165 192
60 137
78 139
92 109
177 200
43 47
19 159
77 147
37 170
11 168
26 141
131 140
9 42
46 178
23 47
26 137
45 191
20 120
34 59
131 187
145 151
37 191
22 35
81 162
9 98
57 67
2 113
119 153
180 193
55 136
80 112
96 197
12 59
65 80
9 20
26 104
20 199
123 160
19 138
46 92
130 159
111 166
48 82
124 143
23 27
24 118
39 61
39 94
34 85
14 151
154 173
72 110
53 198
74 111
110 117
120 152
128 175
83 170
53 180
61 164
33 109
19 162
170 198
34 177
27 185
38 67
27 39
84 90
49 61
28 169
167 187
144 147
22 193
7 186
29 186
68 181
10 95
146 180
54 111
77 130
103 138
141 190
162 173
102 161
28 117
98 193
128 137
101 116
88 140
156 196
62 125
107 153
6 103
29 59
62 153
38 198
55 94
91 121
11 140
5 197
96 151
103 155
96 98
81 111
80 97
137 146
23 197
70 160
4 84
2 89
76 120
53 83
146 194
119 127
37 92
1 46
121 138
24 65
66 139
80 139
37 41
144 149
133 157
4 43
44 142
114 131
82 196
123 135
140 193
143 192
142 197
106 114
146 160
4 23
5 53
69 175
7 160
79 129
53 172
28 78
159 193
108 187
99 123
3 200
60 90
148 188
11 110
72 114
29 91
66 181
30 107
35 174
70 127
26 185
45 121
83 157
4 87
83 160
46 118
1 110
111 115
35 184
81 164
25 123
94 117
14 89
23 128
98 149
50 169
34 52
101 173
38 162
62 190
53 192
30 35
125 168
44 147
122 124
116 193
104 192
26 103
1 19
118 154
26 193
148 176
109 177
78 84
38 134
89 167
13 105
45 100
23 79
123 139
101 180
143 181
160 168
38 52
81 161
54 140
99 193
98 160
18 198
23 121
82 115
56 171
109 160
120 199
26 126
42 99
37 124
106 194
86 161
109 188
90 155
57 119
151 185
18 191
122 136
13 107
11 16
74 184
83 118
66 97
49 85
190 197
1 73
38 57
58 71
20 173
151 197
86 133
25 172
130 168
131 146
93 126
64 79
67 190
85 91
76 128
71 88
35 84
126 186
44 186
125 175
132 185
167 175
174 196
97 187
9 199
100 181
72 146
47 160
75 135
97 169
66 144
153 165
7 50
62 194
112 153
138 166
70 187
8 73
142 152
128 164
128 153
161 169
43 91
25 113
122 137
2 10
9 36
73 136
6 193
36 155
114 157
80 90
95 128
30 45
120 185
1 111
110 199
4 163
67 82
174 188
163 169
40 78
150 177
137 181
93 123
9 126
69 192
37 39
65 163
86 155
98 176
167 198
90 134
25 192
45 88
63 120
144 164
104 127
100 160
12 97
167 171
27 128
21 53
80 114
85 126
13 144
149 152
87 187
36 127
69 82
79 138
54 146
77 136
64 111
56 142
1 54
24 163
26 187
121 150
104 178
35 37
79 123
34 55
18 165
94 130
32 58
127 183
103 168
34 56
36 114
20 28
137 183
14 94
43 51
4 70
55 102
81 175
83 102
63 142
161 179
151 195
89 113
71 89
74 128
3 27
29 110
40 65
98 110
106 165
70 173
31 193
30 115
15 168
35 101
78 175
82 151
34 183
144 152
101 187
62 77
123 181
63 127
71 132
7 143
86 109
58 115
10 110
13 100
96 111
21 130
52 129
82 162
46 90
45 99
77 143
10 53
19 164
13 124
58 97
20 151
31 66
3 88
24 167
96 140
81 96
51 84
61 181
2 192
25 91
97 186
148 151
25 71
7 150
2 133
38 42
30 193
73 154
126 141
64 125
123 130
37 177
129 149
37 94
17 62
25 28
21 174
54 128
10 184
75 119
86 151
94 180
86 196
16 94
27 200
45 104
14 18
74 151
6 142
18 136
97 100
19 168
44 81
99 119
103 175
68 135
93 138
130 137
43 187
46 130
13 152
80 199
56 119
21 105
46 145
15 156
56 185
15 43
183 192
84 96
114 199
43 108
75 142
25 46
49 182
110 198
27 59
67 141
110 142
113 124
125 185
11 124
84 102
114 170
37 154
111 121
162 175
24 102
114 191
51 91
35 91
23 105
57 152
41 118
65 126
87 117
69 165
65 146
23 98
49 149
23 57
11 60
71 90
6 174
73 173
91 174
18 126
30 124
8 51
47 98
96 184
119 147
121 185
64 109
113 147
111 154
49 70
62 177
37 134
15 111
84 157
31 156
42 196
160 184
8 13
34 199
33 138
126 195
148 162
42 122
66 200
54 112
3 57
54 179
77 200
191 196
2 12
44 150
62 138
113 135
79 187
9 186
37 162
42 124
56 111
110 191
29 158
90 114
34 161
103 167
95 179
25 93
72 89
53 168
21 102
17 102
55 189
117 150
65 185
94 190
16 129
64 70
44 77
62 189
66 127
67 97
45 96
12 14
27 199
112 148
36 142
79 111
39 60
19 96
149 167
9 39
104 153
10 57
51 105
52 93
66 107
54 163
103 141
14 171
3 71
43 175
134 165
138 194
140 145
24 137
151 158
17 103
70 192
40 95
27 198
49 176
43 183
36 158
148 157
71 112
64 83
38 98
68 109
6 70
34 144
64 118
94 120
64 143
66 171
93 134
20 89
11 171
56 195
178 183
108 154
61 197
50 175
86 150
13 33
39 140
175 200
7 146
15 183
153 177
67 198
8 38
6 86
175 184
17 42
45 67
26 136
57 135
35 126
60 164
1 114
103 122
2 188
49 135
50 69
1 64
84 135
103 162
98 187
175 188
148 194
48 99
139 158
46 49
38 169
17 28
33 152
105 164
74 79
70 155
21 131
25 52
5 56
130 152
87 135
45 145
136 182
118 145
105 116
62 146
169 195
150 193
41 167
90 179
49 57
58 72
37 81
20 167
12 105
48 172
33 50
57 198
98 138
66 87
38 181
40 185
19 71
110 169
124 148
3 141
140 190
31 117
77 155
96 172
14 27
78 136
71 180
155 193
114 128
14 68
2 50
70 103
85 96
79 98
67 196
56 197
32 196
176 200
36 75
141 157
111 140
37 108
174 182
116 137
27 143
5 125
33 153
17 164
9 181
27 152
10 190
109 150
73 108
9 150
29 147
41 122
57 188
7 57
10 56
22 140
20 130
36 194
52 164
92 192
94 147
65 132
168 178
104 160
162 188
60 140
2 58
171 180
25 76
42 92
12 61
138 153
74 100
86 143
7 91
54 68
2 170
60 98
103 194
92 110
6 46
38 79
28 71
57 73
49 140
106 109
90 180
2 53
111 169
15 159
34 117
9 52
102 104
3 185
26 151
145 163
119 160
70 167
122 163
70 113
157 196
67 194
36 177
84 141
20 117
148 177
95 173
78 162
3 85
32 123
23 189
35 176
65 125
84 173
14 81
12 19
8 100
5 19
48 105
54 89
104 172
121 162
122 130
122 143
117 123
48 92
38 91
42 64
58 95
51 169
39 184
28 80
130 184
3 15
37 89
117 171
15 129
6 80
63 82
140 153
8 83
103 200
30 171
120 178
79 155
14 43
30 119
151 160
106 174
91 151
1 173
1 65
143 157
24 85
34 39
43 45
26 111
17 114
45 87
76 92
66 126
122 127
74 114
89 161
76 179
78 113
87 153
180 191
84 199
110 197
52 200
139 153
125 186
170 181
118 198
129 181
33 194
80 105
9 102
143 145
110 195
13 35
38 159
87 158
9 154
74 182
16 76
34 50
67 95
14 90
67 145
119 145
166 174
101 157
79 196
28 161
9 19
99 110
162 169
21 159
19 106
13 153
78 180
12 87
53 79
45 179
142 165
66 182
111 175
58 60
64 134
125 170
10 160
50 146
13 28
50 72
13 55
36 86
24 39
40 146
183 198
173 193
16 108
17 41
44 51
48 169
9 104
35 153
63 167
16 32
96 174
140 168
14 161
104 188
116 120
12 150
111 130
150 175
79 135
42 129
67 105
106 197
38 60
60 79
117 173
175 193
31 146
79 198
119 190
103 197
80 186
67 92
7 125
20 108
83 151
121 169
102 141
136 162
41 43
94 169
141 169
14 178
44 167
58 103
21 42
9 100
12 56
71 119
69 103
31 57
22 34
112 194
1 138
129 172
51 60
139 166
1 139
169 178
22 188
74 178
114 147
79 90
123 138
14 138
98 190
28 105
60 138
105 176
192 199
112 165
20 106
158 194
51 120
160 183
5 12
4 156
9 123
57 137
78 103
30 44
60 72
60 185
39 75
87 144
60 188
120 191
31 127
16 120
138 177
95 165
68 112
82 187
45 64
36 50
80 132
88 113
123 186
29 143
145 187
123 154
66 75
42 191
75 143
10 25
50 118
105 126
50 105
91 162
24 93
38 101
51 101
30 77
78 157
190 192
62 107
82 135
20 41
45 153
26 47
145 183
56 200
93 141
91 93
12 60
31 89
7 126
61 146
9 35
71 113
89 127
64 133
31 172
158 172
1 189
40 159
83 191
168 186
66 180
104 143
29 138
41 141
46 63
109 199
130 154
60 136
37 47
89 99
94 188
25 72
104 189
19 182
24 130
140 189
6 148
6 135
27 119
39 86
6 199
38 94
112 177
66 166
38 129
69 135
19 193
127 137
16 159
42 162
96 104
13 40
12 47
52 175
90 105
47 187
108 118
67 113
152 178
6 172
16 156
20 104
19 32
14 146
7 93
9 173
96 186
142 183
138 140
71 193
139 173
99 144
21 145
61 200
121 186
86 101
33 58
49 177
76 141
39 182
52 84
70 150
121 164
151 199
13 159
115 167
151 188
10 72
57 120
25 137
13 180
65 91
69 105
2 54
31 103
140 157
23 162
149 181
4 133
2 102
16 82
9 178
27 172
77 142
118 146
64 136
94 108
25 177
96 182
79 124
8 129
3 18
124 181
26 177
18 122
77 158
61 96
63 118
30 50
47 127
119 181
137 143
44 137
157 187
70 195
77 191
124 126
114 179
34 175
16 136
58 141
67 94
27 74
3 167
41 126
172 175
24 132
72 167
8 119
13 88
162 170
5 75
33 173
62 165
5 198
13 157
160 174
169 182
39 85
58 164
1 187
8 34
2 138
19 135
93 121
70 143
3 113
48 83
75 163
125 147
1 132
9 43
7 122
26 154
62 133
145 168
106 187
25 39
132 187
135 150
133 183
128 195
3 99
8 143
136 155
85 88
90 165
122 146
21 84
4 172
9 118
25 104
73 122
70 131
14 139
79 178
53 85
128 148
51 75
53 56
47 75
66 109
80 101
27 144
3 19
102 157
50 147
130 193
123 193
16 66
82 200
49 87
19 80
84 197
11 130
73 175
4 53
83 181
38 126
43 90
76 123
46 166
58 66
53 77
40 105
41 72
12 138
135 197
50 52
85 104
24 108
126 180
80 117
92 157
5 107
37 168
106 113
93 168
91 159
133 144
14 122
8 85
17 156
41 145
12 45
80 89
7 101
129 175
2 59
100 113
129 177
65 184
28 175
53 170
57 85
126 189
84 156
19 46
138 163
10 170
49 137
3 44
92 134
88 139
33 119
94 99
188 195
119 140
17 132
110 131
45 200
19 117
31 191
167 181
133 181
6 51
181 185
81 89
113 194
99 172
78 126
2 148
96 199
102 139
107 198
93 135
187 190
30 42
54 105
61 112
32 169
97 154
114 165
58 65
15 99
98 173
49 118
122 129
174 195
64 170
53 200
46 184
50 113
12 30
156 170
71 124
6 52
51 113
70 79
20 154
43 140
51 80
56 94
9 11
66 196
13 85
91 137
1 126
64 147
2 184
91 193
29 180
31 92
94 125
4 24
119 144
15 191
43 188
56 178
73 129
121 146
134 172
34 142
14 41
78 132
39 69
138 145
11 165
23 60
40 117
66 133
187 198
69 100
22 72
113 157
139 155
6 128
48 117
26 88
43 171
6 173
102 148
27 44
31 99
2 108
12 159
19 111
164 186
35 67
58 167
20 51
45 70
11 141
83 139
40 48
1 41
104 149
54 130
26 134
53 138
14 167
111 152
191 194
138 157
25 95
192 195
114 153
46 187
111 129
120 181
94 166
20 193
41 102
41 139
106 198
63 165
45 80
42 149
14 109
31 102
37 153
115 160
6 169
82 128
95 177
150 187
191 193
145 171
87 198
46 175
1 24
63 139
40 197
75 197
151 196
105 115
113 131
142 200
60 117
96 120
15 103
102 110
24 92
43 72
126 192
172 200
63 151
110 154
76 142
78 188
130 180
96 185
140 170
